10621 5 14 305 5 1.46164 59.226 -120.253 993.811 0 
10621 5 14 582 2 1.59105 -100.867 122.651 796.126 0 
10560 7 19 583 1 2.09084 -1.50046 135.482 953.822 1 
10645 1 15 902 1 1.72833 94.7571 132.467 984.791 0 
11315 3 7 478 4 2.02146 115.56 38.186 343.553 0 
11315 3 7 954 1 2.04013 127.683 125.217 648.742 0 
11343 10 20 247 7 1.67632 121.49 4.17698 971.257 1 
13183 6 40 190 4 1.92147 -118.782 -127.449 105.62 0 
13183 17 0 372 5 1.93308 138.91 54.4146 183.839 1 
13201 14 68 95 5 2.10548 -121.134 -85.3879 810.89 0 
13267 23 80 76 6 1.9708 24.055 137.473 458.721 0 
13267 23 80 465 2 1.95825 -55.7701 -31.7964 941.596 0 
13162 13 31 392 4 2.36624 69.5589 -128.044 391.001 10 
13158 22 63 193 6 2.1756 -110.847 64.924 738.573 0 
13158 22 63 297 1 1.56337 -47.8693 -71.4835 600.588 0 
12074 20 56 15 1 7.94161 -115.64 -122.661 104.214 0 
12074 20 56 74 2 7.94161 -114.797 -122.708 100.059 0 
12074 20 56 309 1 7.94161 -115.64 -122.661 104.214 0 
12074 20 56 412 1 7.94161 -115.606 -122.654 104.345 0 
12074 20 56 473 2 7.94161 -116.059 -122.378 109.133 0 
13560 0 13 358 4 1.72118 -64.1007 86.7629 961.522 0 
12073 4 31 462 2 2.61778 -60.5166 -122.318 324.977 0 
13515 14 13 439 7 4.58349 -115.671 8.16513 212.545 2 
12072 8 41 288 7 1.49892 138.486 -105.603 336.378 0 
12085 23 44 80 8 1.9206 -93.8638 99.4129 747.208 0 
13517 7 68 320 6 2.0724 104.603 -128.614 248.63 0 
13517 7 68 437 1 13.4493 75.4124 -36.3649 116.353 2 
13537 16 43 347 8 2.31725 -92.4249 83.2751 821.523 0 
11615 9 65 521 2 2.54823 -118.539 -65.5277 158.839 0 
13486 9 65 365 1 2.06581 -60.5315 -72.0275 456.981 1 
13486 9 65 583 5 18.2572 -85.0488 74.9813 185.54 2 
11508 9 8 264 1 2.1207 -71.536 132.025 278.052 0 
11452 3 51 125 2 1.989 6.91062 131.648 520.708 0 
11467 17 6 559 1 2.06727 -108.16 -64.9696 391.288 0 
13223 0 39 294 1 10.5476 19.7904 107.562 102.782 2 
11505 16 71 436 1 1.38435 -82.5951 -113.581 526.988 0 
11599 15 10 110 3 1.83469 -74.1831 -127.147 748.29 0 
11599 15 10 418 4 2.33782 64.6926 -90.4833 413.735 0 
11576 21 21 638 3 2.00034 99.1989 -85.4555 277.062 0 
11444 10 47 290 1 2.14993 -35.0852 -116.924 670.582 0 
11395 3 35 425 5 2.67391 65.2605 16.5841 786.925 0 
11385 2 3 71 2 6.95596 -114.01 28.5186 188.419 0 
10966 12 31 394 2 2.72789 -115.956 -88.316 395.827 0 
10936 7 26 753 2 1.44676 122.842 119.405 438.14 0 
10983 3 50 139 3 2.02362 37.9365 -61.8717 618.615 0 
10983 3 50 758 2 1.97194 96.0396 -37.2259 997.776 0 
11551 17 26 273 2 2.44241 88.0996 108.528 522.688 1 
10822 19 10 552 3 1.68764 105.542 38.9146 705.594 0 
