10377 60 11 55 3 1.3222 19.826 61.7116 270.34 13 211 0.977154 0.575938 
10377 60 13 503 2 1.06738 -121.052 -27.0351 959.356 13 211 0.909896 0.545863 
10582 0 16 488 1 2.06576 77.9493 111.365 351.998 13 211 0.98375 0.794446 
10630 12 15 241 4 1.16587 -63.136 71.5649 404.683 13 211 0.973049 0.849794 
10783 5 31 914 3 2.03461 123.767 -62.2912 197.798 13 211 0.931122 0.46868 
10620 9 23 146 4 1.71578 55.2483 -88.7265 492.45 13 211 0.994276 0.852775 
10621 5 7 476 2 2.13085 -34.2632 -14.5171 145.169 13 211 0.196162 0.688437 
10530 2 16 763 1 2.30599 8.95163 53.6147 158.772 13 13 0.998667 0.97604 
10530 2 19 350 2 1.53034 137.645 45.2353 637.086 13 2212 0.45535 0.889792 
10666 17 3 446 1 2.28957 97.7663 81.962 519.742 13 13 0.682976 0.899309 
10666 17 19 254 1 1.714 60.3884 89.7379 124.501 13 211 0.952765 0.990858 
10382 3 17 649 4 1.18897 -9.53576 37.2139 952.18 13 211 0.965021 0.958753 
10382 23 0 879 2 1.95368 -97.5793 -86.9977 228.175 13 211 0.982401 0.862389 
10383 9 29 952 5 1.07348 104.394 -95.5042 553.081 13 211 0.418622 0.963058 
10637 1 1 388 4 1.77719 -7.44105 63.9602 393.195 13 211 0.983739 0.845209 
10587 5 12 8 4 2.29395 -36.6813 -14.4272 130.594 13 211 0.980685 0.665022 
10587 5 23 9 2 1.71481 132.725 37.1058 229.023 13 211 0.922666 0.503493 
10587 5 37 888 4 0.759334 -62.6535 -89.2249 217.679 13 211 0.972023 0.794394 
10591 22 1 194 3 2.16394 -40.3225 -122.524 364.197 13 13 0.984903 0.967559 
10575 0 15 513 2 2.27492 40.2691 55.6553 271.788 13 13 0.818559 0.518723 
10622 3 10 514 5 2.21166 -120.698 75.4739 365.112 13 211 0.638441 0.523177 
10622 13 16 881 3 1.94553 71.3311 6.50568 279.343 13 13 0.964693 0.911476 
10674 8 31 768 1 1.48786 -51.2916 -95.4782 657.305 13 211 0.872286 0.992764 
10612 3 22 565 1 1.59717 19.2981 -111.152 271.682 211 13 0.991063 0.956435 
10612 3 31 939 2 1.65169 53.9822 -2.67847 357.664 13 -13 0.96247 0.874856 
10625 5 13 321 3 1.67129 107.012 69.6606 329.608 13 -13 0.895928 0.957683 
10625 5 31 671 5 2.05728 -42.9935 64.6526 147.59 13 211 0.979163 0.946812 
10625 5 32 292 2 1.77806 -62.7423 52.0829 626.625 13 -13 0.884775 0.910887 
10631 2 21 255 3 1.6266 -1.31027 -111.415 436.357 13 211 0.994413 0.823766 
10631 12 29 876 2 2.18937 -125.934 -34.5813 225.519 13 2212 0.653848 0.171375 
10795 2 11 317 2 2.24351 34.7399 -104.094 762.398 13 -13 0.528185 0.973458 
10511 3 11 423 2 1.46404 -42.6865 -32.0436 599.632 13 2212 0.274463 0.0740463 
10511 13 24 792 1 1.87556 124.694 96.3838 131.364 13 211 0.5777 0.644063 
10586 19 8 571 2 1.78529 -75.5008 -17.1293 815.523 13 2212 0.284865 0.83365 
10401 11 44 717 1 2.38884 108.097 118.788 183.598 13 211 0.788113 0.463729 
10611 7 42 979 7 1.58289 -33.5756 76.3371 371.989 13 211 0.664356 0.730269 
10611 17 24 704 4 2.03343 -0.361945 -33.8396 187.078 13 211 0.619302 0.555674 
10613 1 18 921 5 1.66268 -124.438 59.7318 271.738 13 211 0.759332 0.688246 
10777 11 18 640 5 1.85878 117.81 -70.9104 298.519 13 211 0.97706 0.878365 
10777 11 23 824 6 1.87249 -110.073 114.719 745.242 13 13 0.996425 0.996068 
10794 3 31 585 4 1.22772 4.11219 -83.9788 707.399 13 211 0.987105 0.977053 
10796 6 9 505 4 1.54959 78.1233 74.4964 339.979 13 211 0.998856 0.996107 
10796 6 20 78 1 2.13018 -70.4661 -117.222 229.975 13 211 0.979724 0.768599 
10796 6 44 4 1 1.79581 -59.8619 -101.879 139.115 13 13 0.864418 0.970625 
10512 0 3 887 6 1.25055 113.738 -66.8329 764.956 13 2212 0.431672 0.771557 
10512 0 16 777 1 1.36079 31.3494 115.028 200.415 13 211 0.690714 0.643802 
10512 10 31 248 4 1.74882 -78.0053 97.5777 613.46 13 2212 0.0127333 0.369037 
10634 4 31 757 2 1.00519 -113.488 -103.747 418.408 13 211 0.696517 0.773676 
10394 6 17 183 1 1.70083 122.909 137.006 667.348 13 211 0.980549 0.953969 
10619 2 23 451 4 3.20405 -46.9873 -8.56139 270.709 13 211 0.997533 0.960974 
11344 8 15 616 1 3.02056 -77.1803 -96.8944 249.207 13 211 0.446915 0.946408 
11344 20 2 835 2 2.16803 -39.9421 67.404 547.279 13 211 0.942641 0.97906 
10578 7 1 126 2 1.58887 76.3194 92.5716 672.231 13 211 0.948868 0.845124 
10600 12 4 993 2 1.11656 11.5151 -58.4083 415.298 211 13 0.892423 0.969754 
11337 8 11 571 5 2.30653 -108.25 33.4133 699.574 211 211 0.996572 0.988766 
13448 9 9 274 1 0.841639 2.91366 102.645 968.13 13 211 0.969773 0.633969 
13448 9 14 380 1 1.68776 39.1245 32.9356 404.986 13 211 0.940754 0.701655 
10610 1 5 383 3 2.07893 -5.16391 77.0596 120.994 13 -13 0.974725 0.761593 
10610 1 14 160 3 2.01132 -42.3325 10.2329 457.241 2212 13 0.000463317 0.98307 
10623 9 18 500 2 2.00983 21.9097 -107.954 576.372 13 211 0.522676 0.91261 
10560 17 19 948 2 2.4406 -67.1983 35.0616 149.42 13 -13 0.845775 0.762763 
10604 9 20 962 3 1.85836 62.7804 63.2652 338.953 13 211 0.442565 0.406351 
10642 13 5 634 2 1.17354 47.1899 57.4284 580.038 13 211 0.963516 0.805821 
10603 3 19 891 6 1.53654 24.7679 35.7338 726.894 211 211 0.737532 0.831655 
10603 3 31 964 4 1.65892 89.3992 114.643 786.238 13 211 0.925048 0.661339 
10661 1 10 652 2 1.53265 91.6168 126.221 647.123 13 211 0.178649 0.778372 
10661 21 26 191 5 2.42993 128.252 -24.1283 277.303 13 13 0.0174602 0.940977 
10392 12 8 319 5 2.16431 132.542 -38.1512 114.585 13 -13 0.702854 0.928299 
10392 32 20 1008 2 1.68065 -14.9631 29.6353 315.083 13 211 0.964987 0.598045 
10592 18 0 635 1 1.54719 -3.80446 -13.3289 351.912 13 211 0.874504 0.629606 
10638 17 3 601 2 1.55337 -15.0897 36.1376 586.33 13 211 0.990166 0.553043 
10654 1 1 281 5 1.81071 -65.3055 -65.0319 251.468 13 211 0.953005 0.463155 
10654 21 11 227 1 1.77621 -10.3954 -110.051 178.842 13 211 0.564789 0.596245 
10606 1 12 403 4 1.59124 31.2115 -79.1131 837.058 13 211 0.998273 0.983801 
10641 7 54 671 1 2.06863 -80.5199 -67.0019 331.284 13 211 0.971983 0.781197 
10721 2 24 704 3 1.68192 132.803 7.19476 237.991 13 2212 0.764258 0.65075 
10728 18 21 217 1 2.92473 -97.7796 -39.1932 303.183 13 211 0.83078 0.975649 
10595 7 3 99 1 1.2058 -6.13178 72.7397 802.304 13 13 0.918373 0.791906 
10774 8 12 39 2 2.29666 -115.836 101.372 210.79 13 211 0.9868 0.261319 
10774 8 22 34 4 2.10258 -124.408 -6.78761 238.392 13 211 0.9823 0.592668 
10650 3 19 438 1 2.08491 -72.7497 69.0107 310.514 13 211 0.916387 0.991489 
10650 13 1 569 1 1.94645 12.6016 65.3411 448.582 13 211 0.789978 0.983619 
10677 2 35 603 2 1.74029 -126.151 -65.9357 829.993 13 211 0.972056 0.943582 
10677 12 31 794 4 1.87618 94.1861 -123.247 127.882 13 211 0.923885 0.993499 
10677 23 13 34 1 1.95275 27.6141 114.674 356.263 13 211 0.322005 0.753585 
11318 13 13 627 1 2.81752 -5.94434 -8.3092 138.874 13 211 0.945843 0.939617 
10799 6 32 511 1 1.75029 104.332 -22.7556 630.552 13 13 0.975008 0.962467 
10765 7 14 21 2 1.12888 -26.6883 42.3803 282.048 13 211 0.989319 0.654464 
11336 18 18 836 1 1.64182 -122.287 -113.684 365.874 13 211 0.990601 0.681787 
11336 18 31 1045 4 1.52137 54.8323 -96.3173 523.428 13 13 0.755152 0.778999 
11335 18 27 992 4 1.26602 69.6592 -59.9695 759.61 13 211 0.980027 0.796978 
11342 13 21 436 5 1.84677 92.5684 124.053 581.433 13 211 0.978997 0.904113 
11342 13 24 298 7 1.55811 -96.3134 75.5128 550.654 13 211 0.617494 0.0944761 
11341 6 17 168 1 0.799812 -44.7029 73.2774 471.85 13 211 0.677315 0.633998 
11341 17 0 433 3 1.36245 -125.113 87.1708 352.848 13 211 0.996904 0.982153 
10399 5 28 759 4 2.17517 -22.4411 -16.6961 352.139 13 2212 0.2954 0.49036 
10500 7 0 363 1 1.98575 -107.859 -123.243 569.28 13 211 0.992299 0.896743 
10500 7 2 1004 1 0.723602 -47.4115 -3.09449 613.035 13 211 0.687778 0.569058 
10500 7 14 20 4 2.18871 -6.7431 -125.838 385.323 13 2212 0.247918 0.419075 
10675 4 3 554 3 2.91267 -70.0645 135.049 116.092 13 13 0.831108 0.983086 
10675 4 13 483 4 1.28061 -19.9125 110.832 721.188 13 211 0.886579 0.900888 
10675 14 9 771 7 1.0979 -56.6613 83.7067 573.212 211 13 0.775752 0.645982 
11333 21 29 134 1 0.993998 23.9187 48.5128 148.328 13 13 0.728448 0.891584 
11333 21 33 193 3 2.56544 -87.682 35.9705 172.951 13 211 0.998814 0.994401 
10499 6 20 590 1 2.52465 -65.5967 -67.455 291.021 13 2212 0.642146 0.730785 
10710 0 3 644 2 3.07568 -83.0034 50.3805 531.537 13 13 0.992627 0.996427 
10710 10 2 38 2 1.68233 -125.869 38.8183 680.165 13 211 0.908142 0.698016 
10756 2 9 898 3 1.94854 64.7935 63.7288 533.456 13 -13 0.902559 0.408779 
11317 6 15 104 2 1.25546 -81.0469 -4.11323 493.876 13 211 0.987902 0.970669 
11317 6 33 827 1 2.13172 -16.9918 -1.43542 392.121 13 211 0.848884 0.596831 
10645 1 25 161 1 1.75007 -81.2597 47.3389 470.378 13 211 0.93722 0.852408 
10645 21 3 800 4 0.970497 113.855 40.3986 218.034 13 211 0.987804 0.813454 
10656 7 6 92 2 1.26128 24.7748 43.8171 497.019 13 211 0.914758 0.905175 
10656 7 6 387 2 2.29043 -73.6983 -84.2388 110.958 13 211 0.948607 0.797813 
10656 7 17 680 3 1.59328 -79.0674 86.3588 196.896 13 211 0.987779 0.943491 
11340 10 24 492 5 2.66957 -113.792 91.9674 251.625 13 211 0.987917 0.979728 
11340 20 29 636 8 2.27487 -120.921 70.2133 196.603 13 211 0.981094 0.702801 
10556 11 5 474 5 2.11298 47.6901 18.3313 693.361 211 13 0.125074 0.94901 
10556 11 25 883 1 2.12719 -23.5222 28.6678 117.683 13 211 0.954093 0.726323 
10735 5 37 474 1 1.57443 95.4351 95.4874 344.946 13 211 0.834689 0.478257 
10758 0 26 787 2 1.61595 37.0936 -17.8515 744.511 13 211 0.770766 0.525135 
10712 12 5 605 1 1.61037 12.87 -17.9938 925.999 13 13 0.851712 0.993736 
10747 11 34 716 1 1.27515 119.421 -77.5419 350.743 13 2212 0.195418 0.490966 
11319 19 25 308 8 1.36953 31.786 -13.2012 794.244 13 13 0.968003 0.954611 
10555 4 23 60 1 2.14405 -116.704 -14.296 415.545 211 13 2.89398e-05 0.995157 
10555 14 20 569 4 2.11572 90.4352 138.412 304.644 13 2212 0.370355 0.693502 
11310 9 21 549 2 1.02254 -75.8219 -71.1067 405.312 13 211 0.983788 0.494758 
11310 19 16 7 2 1.20626 34.2971 132.944 969.034 13 211 0.99627 0.980217 
10716 9 5 517 2 1.20724 -20.3746 49.4952 278.371 13 211 0.987127 0.649457 
10716 19 31 686 1 1.92067 5.55017 -37.9828 287.432 13 211 0.923865 0.906696 
11315 13 18 643 3 1.86907 -65.4222 -9.79941 415.567 13 211 0.98458 0.573227 
10767 6 2 1012 2 2.11043 98.1223 137.822 700.331 13 211 0.761443 0.700112 
11313 9 14 278 3 1.67424 -80.2446 -45.5759 559.995 13 211 0.752068 0.544021 
11320 5 1 769 1 3.77182 -96.0242 9.66824 145.559 13 13 0.0197443 0.0415377 
10542 2 14 685 2 1.74317 49.1755 23.7228 474.484 13 2212 0.136632 0.839819 
10732 10 38 298 2 2.41409 121.538 51.0876 343.492 13 211 0.741339 0.702733 
11321 1 22 765 4 4.86516 3.54884 129.784 793.263 13 211 0.730279 0.669823 
11321 11 7 619 1 0.789991 128.654 90.3573 897.632 13 211 0.981028 0.697426 
11321 11 25 131 3 2.13718 -12.8818 -113.71 178.158 13 13 0.979511 0.994958 
11321 21 4 756 3 2.664 36.8943 -9.09903 405.266 13 13 0.0105408 0.0288799 
11321 21 4 922 2 0.862206 69.8921 -117.823 874.745 13 211 0.96346 0.848739 
11321 21 21 619 3 1.51957 -99.1685 101.884 104.97 13 211 0.924307 0.587831 
11321 21 24 363 5 2.7724 -51.7211 138.591 191.452 13 211 0.977264 0.734151 
11321 21 29 693 4 1.86438 -24.3 45.9848 111.254 13 211 0.976053 0.5374 
10646 7 40 570 5 1.59076 127.558 18.6635 311.748 13 211 0.981124 0.638531 
10726 10 8 608 3 2.0342 7.86838 57.2834 124.158 13 211 0.987025 0.945516 
11312 23 12 937 2 0.784806 -120.48 -6.97152 967.584 13 211 0.920502 0.783047 
10780 12 0 228 1 1.77246 -83.8072 45.0834 264.429 13 211 0.809424 0.633142 
10780 12 38 764 2 2.24305 120.458 -2.73604 415.238 13 211 0.997845 0.998289 
11304 4 10 961 5 1.21597 -82.1729 31.8058 841.762 13 211 0.935622 0.702375 
11304 14 22 854 1 1.78882 -25.0143 -106.153 411.824 13 1.00001e+09 0.00449463 0.564147 
11304 14 33 734 2 0.891806 127.221 -33.6688 994.466 13 211 0.434093 0.711211 
11311 17 9 1019 5 1.66187 138.206 -123.096 304.451 13 211 0.970459 0.68075 
11311 17 37 516 1 2.1311 -64.0321 0.724427 809.665 13 211 0.999275 0.985291 
10781 19 0 68 1 2.3139 -50.2962 -101.439 537.375 13 211 0.861683 0.998735 
10781 19 41 584 1 1.02345 30.5732 30.5219 954.697 13 211 0.977211 0.65904 
10549 12 1 367 2 1.44508 -35.5624 44.0339 944.82 13 211 0.975594 0.983884 
10549 12 14 975 1 1.94486 -44.0226 87.4298 298.307 13 211 0.955224 0.215906 
10565 0 25 586 1 1.19085 -126.468 -74.0662 331.719 13 211 0.974335 0.764078 
10565 20 32 753 4 1.20999 27.8128 1.59236 693.484 13 211 0.984608 0.797415 
10779 16 11 507 1 1.53271 -127.6 -55.6004 768.411 13 211 0.970792 0.792555 
10779 16 38 676 2 2.55473 -123.333 22.2089 331.847 13 211 0.97978 0.969038 
11303 18 12 481 1 1.77175 11.6991 -36.4679 533.483 13 211 0.972617 0.841876 
10403 23 7 113 1 0.969197 34.4157 122.189 960.366 13 211 0.937665 0.839828 
10402 10 14 388 2 1.03366 -24.635 -111.409 961.169 13 211 0.981499 0.578672 
10402 36 15 131 2 1.80038 61.6343 8.55277 358.204 13 211 0.97788 0.817738 
10404 9 8 988 6 1.46828 116.553 -47.6616 325.501 13 211 0.874118 0.701473 
11305 10 14 244 2 2.6028 -112.756 50.9358 207.673 13 1.00001e+09 0.472216 0.458594 
11308 17 12 778 1 1.65896 65.1863 -50.206 175.848 13 211 0.996017 0.895923 
10407 7 23 924 2 1.89422 -80.3481 34.6155 111.32 13 211 0.901939 0.688181 
11297 19 23 606 1 1.28869 73.4419 -26.0925 471.763 13 211 0.770063 0.588923 
11297 19 30 116 2 1.32357 -47.9648 -59.1488 787.303 13 211 0.98749 0.787638 
11298 5 0 141 1 2.26162 -106.501 74.1261 431.65 13 211 0.671316 0.365136 
11298 5 19 472 1 1.98023 -62.6935 -71.1491 110.737 13 22 0.725949 0.99399 
11298 15 12 691 1 1.8101 -23.7031 18.6134 606.021 13 211 0.70973 0.968647 
11307 3 21 647 1 1.91755 -40.5272 45.0545 136.732 13 211 0.973921 0.860856 
10729 4 29 947 1 1.98967 19.1816 73.0244 302.931 13 211 0.693668 0.980536 
10598 22 34 156 6 2.57191 -104.145 131.084 140.561 13 211 0.967241 0.590855 
11302 22 22 759 1 2.14149 2.42295 -11.5326 272.059 13 211 0.81732 0.649491 
11284 5 1 918 2 1.59907 60.1384 82.4127 171.881 13 2212 0.599219 0.675941 
11264 1 13 1042 4 1.94857 65.0916 3.29344 105.217 13 211 0.987165 0.909854 
11264 1 28 756 3 1.35025 9.907 -61.3189 613.143 13 211 0.992657 0.854782 
11264 11 26 872 5 1.84297 -81.2871 104.396 499.466 13 211 0.926101 0.981616 
11264 11 29 198 4 1.30103 -58.4939 -98.2365 158.184 13 2212 0.362631 0.515177 
11287 10 7 272 6 1.40958 75.8512 101.865 550.493 13 13 0.996785 0.988569 
11287 10 7 523 2 2.02838 101.792 74.1957 271.991 13 211 0.987296 0.53045 
11287 20 23 658 3 0.977233 12.3688 130.866 132.646 13 211 0.988319 0.649825 
11301 20 28 646 3 1.19335 -11.0096 -100.135 430.59 211 13 0.892838 0.927948 
10714 4 21 546 3 1.57965 -79.0518 -104.739 585.988 13 2212 0.675046 0.57824 
10539 12 11 33 2 1.51739 -21.8069 20.5964 218.535 13 211 0.705377 0.505469 
11258 8 22 536 2 1.2225 110.457 113.703 497.488 13 211 0.931801 0.766374 
11261 5 7 689 3 1.26814 -26.629 -56.8236 609.31 13 211 0.958234 0.831688 
11261 5 13 871 3 1.71847 56.5898 -62.8923 676.956 13 211 0.990961 0.879664 
11256 20 13 1037 3 2.02382 60.1986 127.51 409.662 13 211 0.995755 0.971996 
11256 20 22 1055 1 1.7147 -55.4308 -103.672 837.447 13 211 0.99782 0.914933 
11289 7 17 187 1 1.12203 -8.56802 -38.7649 593.481 13 211 0.983871 0.812828 
13185 1 67 329 3 2.32874 -90.0822 -0.575984 240.788 13 211 0.491843 0.71939 
13185 12 3 87 1 1.97108 36.8577 107.516 602.627 13 211 0.986472 0.842657 
13183 6 94 211 7 1.75902 93.0515 39.1988 192.737 13 211 0.98412 0.66489 
13183 17 57 61 1 2.32864 -14.4745 57.5624 107.051 13 211 0.980469 0.489429 
13187 19 50 465 7 2.01446 -97.5542 123.239 477.043 13 211 0.995784 0.773939 
13212 5 68 338 1 2.35958 -110.911 -72.2958 459.431 13 211 0.915004 0.899372 
13212 15 22 236 1 1.40059 -98.9739 -60.4526 863.097 13 -13 0.495209 0.97888 
13213 2 48 20 1 1.63059 40.9165 74.3138 569.525 13 211 0.976417 0.985 
13213 2 48 451 7 1.44387 -74.8291 61.8416 417.83 13 211 0.97098 0.959958 
13178 11 2 84 1 1.13541 9.47556 -58.6078 324.273 13 211 0.950767 0.91988 
13178 11 57 286 5 2.18272 31.1624 127.741 278.34 13 2212 0.0202881 0.233833 
13178 22 1 62 2 1.34742 -39.1834 17.254 656.931 13 211 0.971504 0.0848685 
13168 7 37 335 2 2.42064 -9.41052 -3.43901 271.466 13 211 0.863923 0.98886 
13168 20 29 216 4 1.89591 -66.6412 104.221 464.819 13 211 0.705576 0.787314 
13249 5 25 180 1 1.98467 -57.1596 -101.517 499.448 13 211 0.963132 0.823386 
13249 5 62 79 1 1.81862 -27.1154 -126.379 563.342 13 13 0.970424 0.969053 
13177 15 55 430 5 1.37445 116.234 66.3167 700.554 13 211 0.934033 0.841157 
13179 7 11 205 3 1.72631 58.2128 108.299 251.727 13 211 0.96942 0.523348 
13179 7 18 262 3 1.60794 -24.2014 12.4573 771.399 13 211 0.998402 0.958719 
13179 7 74 294 1 1.5825 94.2816 68.5472 175.068 13 13 0.949799 0.979831 
13179 17 31 153 1 0.791308 5.4118 -27.957 271.676 13 211 0.781084 0.687278 
13179 17 36 134 4 1.7751 -20.0074 92.985 567.967 211 13 0.581699 0.980343 
13179 17 73 337 6 1.32167 98.4886 -17.9604 579.639 13 211 0.967959 0.624205 
13179 17 84 347 3 2.28961 24.8473 128.923 316.054 13 211 0.992634 0.969022 
13186 8 20 238 1 1.6683 135.91 72.7047 578.728 13 211 0.893927 0.263929 
13186 8 24 189 13 1.02068 -92.4499 101.933 976.46 13 211 0.976232 0.968372 
13186 8 28 148 1 0.928718 -3.61795 -12.2914 372.055 13 211 0.980829 0.858224 
13186 8 82 128 2 4.80666 -40.4142 -39.3101 271.649 13 13 0.000406446 0.999943 
13186 8 102 422 2 2.21737 -56.391 -26.7337 343.398 13 13 0.912736 0.934263 
13186 18 37 446 4 1.77107 23.5628 -61.1652 117.255 13 13 0.953052 0.976404 
13171 2 44 244 3 1.97246 138.181 91.1249 403.721 13 211 0.952568 0.995152 
13171 2 58 240 3 1.57129 -123.698 -74.608 325.323 13 22 0.0613986 0.531694 
13171 2 60 232 4 2.31441 -82.4184 2.02092 178.29 13 22 0.984224 0.997703 
13171 2 76 258 4 1.73688 58.9524 -14.3703 963.12 13 211 0.998665 0.996596 
13171 23 61 19 3 1.40251 3.7355 -22.2985 680.975 13 2212 0.26062 0.0547777 
13176 3 1 382 3 1.99243 25.275 116.839 171.64 13 211 0.874183 0.466782 
13176 3 7 299 4 0.837686 -96.4055 -23.162 393.001 13 211 0.909807 0.908586 
13176 3 41 368 2 2.21681 -107.261 -36.9196 381.687 13 211 0.980963 0.154612 
13176 3 44 58 2 1.83381 21.7591 19.4468 610.551 13 -13 0.657662 0.972694 
13176 3 47 292 1 1.78625 105.176 36.4603 351.965 13 211 0.685334 0.790069 
13207 7 20 100 2 1.40342 -15.515 -124.319 317.224 13 211 0.83375 0.967842 
13207 7 39 170 8 1.6892 101.209 63.8643 117.858 13 211 0.944652 0.479831 
13207 17 21 257 2 1.68683 -37.8175 -13.2972 311.348 13 211 0.990864 0.944278 
13207 17 90 177 2 1.94088 96.0165 -29.5629 424.896 13 211 0.982795 0.492525 
13167 7 71 417 5 1.94892 -58.7487 126.584 271.673 13 211 0.983659 0.781804 
13180 3 13 213 10 1.67643 100.132 -92.1725 544.908 13 2212 0.0496826 0.770694 
13180 13 60 96 1 0.997638 -102.688 -117.556 921.995 13 211 0.980955 0.214252 
13180 23 48 49 2 1.76592 100.806 -120.11 310.103 13 13 0.885789 0.962338 
13181 14 56 330 1 2.38054 -125.232 -17.4922 217.063 13 211 0.932937 0.784739 
13174 18 37 272 4 1.83849 -112.041 -33.4977 636.191 13 211 0.990539 0.993312 
13174 18 79 317 3 2.01363 19.1494 -26.9084 236.156 13 211 0.960218 0.469354 
13250 9 8 199 10 1.18751 -52.1982 17.6144 841.78 13 211 0.972167 0.162455 
13192 16 14 445 4 2.19261 84.4934 69.1528 257.558 13 211 0.128758 0.76536 
13194 21 72 221 2 0.677549 55.9845 9.65973 994.595 13 211 0.928033 0.806044 
13191 0 40 85 7 0.99883 -112.919 100.826 255.929 13 13 0.774225 0.593054 
13195 7 80 210 5 1.12568 -108.671 98.6009 672.499 13 211 0.991177 0.548329 
13201 4 7 448 12 1.22815 -114.253 98.5849 792.51 13 2212 0.0364551 0.415576 
13201 4 8 94 5 1.7992 81.353 44.6683 552.364 13 211 0.955114 0.736612 
13267 3 16 208 7 1.65281 71.8572 41.8547 609.296 13 211 0.983266 0.854674 
13267 23 57 259 4 1.5862 79.1766 -87.6721 804.659 13 13 0.990283 0.976536 
13267 23 73 185 9 1.80374 136.749 -81.1778 683.376 13 211 0.986643 0.591182 
13188 5 40 356 7 2.6612 -93.0104 120.444 266.041 211 13 9.07835e-07 0.910349 
13188 5 77 233 1 1.82624 -22.4115 -99.6012 391.862 13 211 0.989797 0.25425 
13188 15 42 466 1 2.23766 28.2354 -39.2332 435.599 13 211 0.911306 0.734233 
13188 15 83 202 4 1.51703 136.439 106.828 165.322 13 211 0.960124 0.744086 
13165 0 2 246 1 2.29142 -63.0945 -0.476091 148.247 211 13 0.00168687 0.994263 
13165 0 34 104 1 1.33184 -43.3954 -122.531 660.603 13 22 0.56295 0.827518 
13165 21 3 467 1 1.60222 -40.0928 -128.296 445.871 13 211 0.991911 0.954414 
13166 20 24 183 9 1.29774 8.2138 45.811 420.076 211 13 0.740224 0.991149 
13166 20 31 377 4 1.71115 113.776 -40.0687 603.624 13 211 0.917437 0.782302 
13206 22 70 311 12 1.64615 23.7325 -104.859 371.246 13 211 0.948572 0.833468 
13206 22 77 87 1 2.46457 61.4611 -31.0508 144.528 13 13 0.814259 0.74999 
13202 0 20 58 9 2.05653 75.7821 -14.1803 344.902 13 2212 0.982319 0.794612 
13202 10 32 101 1 2.10782 43.3277 55.0188 500.021 211 13 2.97882e-05 0.997395 
13159 8 67 105 1 2.61933 100.028 123.86 276.105 13 -13 0.808876 0.997033 
13159 18 4 166 5 1.36191 -53.1477 39.4668 178.81 13 211 0.954626 0.949043 
13159 18 84 435 7 1.73279 13.7518 -122.557 566.434 13 211 0.98475 0.80109 
13162 13 36 246 3 1.40541 42.2659 -60.1675 338.042 13 211 0.948578 0.515589 
13190 14 45 200 2 1.83817 -83.8307 49.7099 284.218 13 211 0.955516 0.708051 
13248 9 57 431 3 1.50281 29.5401 0.731921 726.807 13 211 0.99347 0.7448 
13154 3 9 394 4 1.86347 -55.6731 33.1295 289.438 13 211 0.988961 0.728747 
13154 3 52 231 2 1.60115 75.2786 129.069 327.162 13 211 0.987761 0.644795 
13154 3 52 331 1 2.44055 -101.365 -121.312 265.258 13 211 0.959327 0.956776 
13154 13 3 490 4 2.56406 -89.1601 113.089 165.363 13 211 0.963778 0.675291 
13154 13 51 42 6 1.77965 112.792 5.00704 359.651 211 13 0.918761 0.722048 
13154 13 125 342 10 1.28814 -127.797 121.589 713.208 13 211 0.56088 0.539205 
13158 22 15 39 5 1.83194 -11.5318 89.6839 337.204 13 211 0.996971 0.955632 
13158 22 82 477 1 2.14586 -7.98002 31.4846 429.388 13 211 0.89769 0.160222 
13161 6 28 407 5 1.55489 118.212 -50.9804 890.642 13 211 0.958236 0.889472 
13161 16 48 127 3 1.7348 89.046 135.914 476.504 13 211 0.789795 0.507014 
13161 16 56 120 5 1.9532 99.5824 -27.7393 277.676 13 2212 0.0208708 0.790598 
13161 16 79 385 2 2.16685 -4.01719 -5.41405 384.689 13 -13 0.982601 0.780017 
13197 0 66 99 4 1.42261 -120.573 4.64415 338.715 13 2212 0.0030077 0.0154773 
13197 11 2 124 6 1.9796 54.9633 -64.0784 167.494 13 211 0.952974 0.974402 
13197 11 15 73 3 1.86554 31.8194 -33.6987 198.458 13 211 0.460203 0.61639 
13197 11 38 154 5 2.37869 68.3226 49.7213 856.812 13 211 0.997123 0.999836 
13197 11 60 394 2 1.91833 -11.7842 -46.7095 511.498 13 2212 0.108026 0.324007 
13197 23 8 190 6 1.05691 -118.861 48.3609 165.13 13 211 0.955736 0.709817 
13197 23 90 102 2 1.95737 -30.8938 -19.9432 185.514 13 211 0.976333 0.820778 
13152 2 44 15 1 1.95266 -98.4475 66.8833 539.138 13 211 0.993787 0.98818 
13152 12 54 165 5 2.00097 -53.372 63.2001 298.427 13 211 0.979363 0.413946 
13153 5 28 94 5 1.96413 -25.9547 88.1837 148.843 13 211 0.991809 0.860205 
13153 5 48 14 3 1.87401 98.6147 -47.6275 430.343 13 2212 0.977684 0.856279 
13153 5 71 124 3 2.01313 58.134 128.785 427.824 13 -13 0.307977 0.994545 
13134 9 22 478 5 1.77011 57.9886 -87.1048 392.521 13 211 0.828104 0.986045 
13145 8 14 101 1 1.28707 -73.4974 35.693 686.973 13 211 0.916486 0.633394 
13151 14 16 276 1 1.39146 -51.4731 109.608 172.855 13 211 0.937374 0.89704 
13151 14 18 134 3 2.54348 -36.1361 53.3032 202.845 13 211 0.877559 0.672562 
13160 15 2 176 6 0.749751 -113.085 -106.164 218.096 13 211 0.932464 0.595065 
13135 6 2 442 1 1.49011 64.6001 -12.6872 445.657 13 211 0.922055 0.923223 
13135 16 32 114 3 2.57836 67.6961 -112.356 138.193 211 13 7.02159e-08 0.998617 
13135 16 62 122 3 2.12124 41.9028 2.50673 284.391 13 211 0.971548 0.852786 
13135 16 95 197 6 0.872055 -46.5648 117.357 846.322 13 211 0.743136 0.883297 
13146 5 28 296 1 2.84457 -98.9104 49.285 111.474 13 211 0.984203 0.3938 
13146 5 40 288 4 1.74723 -20.3796 120.52 138.38 13 211 0.987792 0.986861 
13146 5 88 368 1 1.60017 27.6792 -15.2017 471.916 13 211 0.947054 0.848443 
13146 15 16 215 4 2.33439 -10.6416 102.35 385.965 13 211 0.947066 0.910029 
13507 19 1 85 5 0.677485 -18.4334 124.757 693.86 13 211 0.4383 0.581459 
13136 14 32 11 1 2.37798 -64.6509 -23.208 274.121 13 211 0.970408 0.790077 
13136 14 40 401 3 1.60319 -23.2698 1.52514 131.555 13 211 0.969551 0.760696 
13136 14 69 470 2 2.17772 -102.755 -87.8256 339.396 13 -13 0.851148 0.699543 
13136 14 91 218 2 2.54122 -35.5548 14.4224 283.015 13 211 0.975822 0.656867 
13137 1 26 302 8 2.28619 122.659 -56.9442 277.264 13 13 0.948861 0.889686 
13137 1 52 380 2 1.68475 41.9649 112.88 330.331 13 211 0.974407 0.915444 
13137 1 75 81 8 1.49798 125.492 -0.103111 364.16 13 211 0.853801 0.633526 
13137 21 39 248 1 2.44279 -100.186 37.5972 251.134 13 211 0.90496 0.9144 
13137 21 45 133 1 2.08432 -124.024 -5.37166 131.976 13 211 0.889748 0.65168 
13156 7 36 325 1 4.56863 98.9027 131.862 333.167 13 13 0.220682 0.964638 
13156 7 63 133 1 1.74161 48.4868 100.208 258.907 13 211 0.986671 0.811123 
13156 7 67 321 9 0.868203 117.823 -113.122 677.078 211 13 0.936699 0.9606 
13156 7 67 415 1 0.778761 77.9058 105.967 438.465 13 13 0.648612 0.725181 
13514 18 37 169 6 2.04074 40.9583 -38.118 332.731 13 211 0.952579 0.868609 
13514 18 67 142 2 1.37793 29.7843 -63.6987 572.769 13 13 0.722233 0.886851 
13261 1 42 305 1 2.16221 -102.119 46.7587 132.74 13 22 0.975514 0.978925 
13261 1 78 4 4 2.68062 24.6875 -69.6115 168.14 13 13 0.989246 0.995599 
13261 11 76 482 1 1.74049 -40.7181 -118.216 746.976 13 211 0.980606 0.894587 
13261 11 83 31 2 1.93368 135.13 31.9545 253.304 13 211 0.816361 0.974584 
13227 5 18 49 2 1.03791 102.28 115.076 748.622 13 211 0.979476 0.628597 
13227 5 42 103 1 1.51503 -45.5457 -104.098 874.869 13 211 0.988051 0.942031 
13227 5 54 460 3 2.05251 118.954 5.77056 339.164 13 211 0.947827 0.778815 
13561 10 50 467 2 1.25048 -13.7441 -38.6905 720.31 13 2212 0.0435486 0.497299 
13561 20 4 484 1 2.12973 93.2631 97.5207 218.451 13 2212 0.939253 0.625648 
13561 20 28 63 2 1.84239 -35.9145 -105.572 315.571 13 211 0.991395 0.895176 
13561 20 61 33 5 1.85998 -21.0199 131.447 575.492 13 211 0.94407 0.717429 
12053 4 28 59 1 1.62208 22.632 -4.05804 140.649 13 211 0.973506 0.828527 
12053 4 40 200 5 1.31374 -88.3254 -34.6502 519.163 13 211 0.971217 0.709679 
12053 4 72 23 3 1.95054 -63.1888 18.5242 110.947 13 211 0.995062 0.980891 
12053 14 36 225 7 1.19603 70.8442 -94.0928 117.679 13 211 0.981488 0.504992 
12053 14 84 412 4 1.37459 99.488 127.873 705.905 13 211 0.7619 0.715959 
12053 24 5 432 1 2.00076 10.8555 -51.0967 251.636 13 211 0.911572 0.758164 
12053 24 34 87 2 2.24646 -126.724 -46.2319 359.091 13 211 0.654288 0.5987 
13163 13 33 73 5 1.92547 -39.8773 -66.6694 492.642 13 211 0.956343 0.732478 
13163 23 12 384 6 2.09515 2.70125 119.593 311.564 13 211 0.986357 0.745331 
13163 23 58 476 6 1.08158 -61.6789 51.9767 786.959 13 211 0.980826 0.767647 
13170 16 56 227 1 1.88696 -70.8224 -48.5095 172.092 13 211 0.958869 0.764986 
13563 2 19 216 4 1.84839 79.9855 104.408 278.086 13 211 0.97256 0.572497 
13563 2 25 327 10 1.10852 40.8819 -120.305 258.849 13 211 0.923561 0.828835 
13563 2 36 109 1 1.69028 44.4117 135.356 559.07 13 211 0.973441 0.580309 
13563 12 61 322 1 1.86571 94.2667 32.8861 187.112 13 13 0.648309 0.653648 
13563 22 39 395 2 1.27067 58.6417 33.7066 339.274 13 211 0.434622 0.830199 
13563 22 46 198 6 0.699744 45.3623 -21.4715 325.947 13 211 0.904152 0.863602 
13564 22 91 315 1 1.88569 -112.101 -46.6408 486.605 13 2212 0.136338 0.604142 
12054 9 34 309 3 1.68493 -41.1928 -42.3873 613.845 13 211 0.9902 0.608644 
12054 9 45 394 5 3.13032 -116.862 111.951 592.245 13 211 0.996343 0.995704 
12054 9 71 496 2 1.79593 81.5066 -38.1119 527.012 13 2212 0.258391 0.440694 
13133 11 71 252 6 2.36547 25.5537 -79.1826 352.704 13 211 0.993151 0.988174 
13133 22 47 410 3 1.95285 -127.318 3.32382 606.836 13 -13 0.960969 0.831697 
13565 8 25 328 1 0.802541 20.0073 48.5711 568.708 -13 13 0.92554 0.820054 
12074 10 27 364 8 1.03485 94.0665 -13.3549 175.768 13 -13 0.928485 0.913287 
13143 10 43 372 6 1.90062 64.9472 -64.5117 505.943 13 211 0.963221 0.628419 
13144 2 7 364 4 1.19361 -89.7723 12.0367 506.911 13 13 0.67212 0.989874 
13144 2 22 306 2 1.98758 -58.0487 13.3886 728.09 13 13 0.996174 0.990917 
13144 2 50 376 1 2.29044 -29.8688 -87.7301 234.476 13 22 0.000449854 0.480041 
13144 12 48 120 1 1.26854 109.96 115.247 297.102 13 211 0.985751 0.553653 
13144 12 53 405 5 1.82588 87.5484 52.3857 526.007 13 211 0.989674 0.936993 
13148 19 79 270 1 1.60031 -105.194 -86.5115 871.747 22 13 0.0161494 0.590573 
13559 4 70 129 1 1.43158 -128.667 -45.6677 898.956 -13 13 0.314406 0.986373 
13559 14 76 17 2 2.24632 -86.9163 -43.7636 245.566 13 211 0.941623 0.897455 
13560 0 8 329 5 1.37701 52.9886 72.6234 158.067 13 2212 0.0105051 0.113594 
13560 0 61 384 2 1.87578 -87.2566 -110.802 379.214 13 211 0.642537 0.994158 
13560 10 61 204 4 1.56312 -126.34 12.9287 131.934 13 211 0.818422 0.967947 
13560 20 39 183 6 2.44923 68.0171 -121.193 740.452 13 13 0.995929 0.976933 
13560 20 61 365 2 2.12264 19.6924 61.6603 128.803 13 211 0.922778 0.973505 
13571 21 28 498 3 2.38209 16.0436 -89.7552 215.152 211 13 3.15383e-07 0.99971 
13571 21 83 397 6 1.40156 -81.9729 59.0363 441.266 13 2212 0.986225 0.68758 
13571 21 85 67 8 1.23085 91.3596 -68.7733 391.995 13 211 0.954683 0.391384 
12055 5 7 258 11 1.40595 -108.593 102.342 163.49 13 211 0.998378 0.807443 
12055 15 69 500 1 2.20094 35.8802 -50.2744 220.836 13 211 0.988184 0.721644 
12055 15 84 408 5 1.40943 3.11592 122.702 258.696 13 211 0.980589 0.105036 
12055 15 89 191 2 1.67537 -123.358 -12.6794 593.015 13 -13 0.983874 0.896475 
13553 9 17 419 7 1.37867 53.8993 49.3931 213.889 13 211 0.595524 0.65117 
13553 9 65 90 15 1.26493 131.726 -111.019 246.099 13 211 0.991452 0.977777 
13553 19 24 88 1 2.56463 49.9461 -32.6456 177.609 13 211 0.920926 0.929027 
13570 3 42 57 7 2.09252 -45.5022 27.6286 461.202 13 211 0.967954 0.116273 
13570 13 36 437 5 1.96835 -56.1732 -69.5705 468.243 13 211 0.988658 0.851674 
13570 23 24 339 9 1.57439 -120.909 59.2008 500.379 13 211 0.91158 0.817686 
13572 7 24 217 5 1.62446 117.52 -39.3795 470.168 13 211 0.985125 0.910943 
13572 7 55 18 6 0.925856 115.51 -63.1123 826.865 13 2212 0.838759 0.850963 
13572 7 68 382 7 1.38814 -58.0876 99.408 212.462 13 13 0.995012 0.979099 
12056 12 84 136 13 1.82125 -121.62 106.862 702.508 13 211 0.983743 0.955345 
12056 12 84 382 1 2.6008 -107.836 -59.1553 337.695 13 13 0.885727 0.91661 
13157 13 0 115 14 2.32006 27.3405 -18.5754 563.663 13 211 0.998747 0.998568 
13157 13 2 40 11 1.49229 -109.695 100.119 159.721 13 211 0.982208 0.647666 
13226 19 49 288 8 1.5078 -122.925 -95.4741 402.507 13 211 0.998025 0.970886 
13247 13 12 412 4 1.16559 -8.52261 -68.8917 372.048 13 211 0.312808 0.41767 
13247 13 15 35 8 1.67118 62.6197 110.223 599.927 13 211 0.988192 0.848189 
13247 13 50 10 1 1.59852 49.5815 -27.9976 530.702 13 211 0.945723 0.770642 
13247 13 50 286 5 1.06622 -63.5719 -122.884 153.729 211 211 0.755751 0.96427 
13247 23 22 173 2 2.29061 -24.6435 -63.8917 211.869 13 211 0.978257 0.621656 
13499 6 64 132 7 1.56291 -12.0903 -91.7749 441.082 13 211 0.983151 0.906905 
13499 22 41 310 4 2.7404 -3.47701 69.671 231.804 13 -13 0.668524 0.843906 
13499 22 59 426 13 1.60041 120.516 -96.8565 431.76 13 2212 0.0268603 0.374322 
13499 22 86 254 5 1.06799 -0.965741 -103.081 398.452 13 211 0.99132 0.660292 
13141 17 38 12 1 1.65424 2.1637 -96.7298 713.551 13 211 0.996171 0.986512 
13141 17 87 480 6 1.81071 -88.6978 -73.5006 573.552 13 211 0.984481 0.853149 
13142 13 45 245 9 1.98749 62.4544 -99.7827 941.437 13 211 0.474069 0.965047 
13142 23 1 4 8 1.01795 70.4422 -119.949 493.289 13 211 0.981419 0.643145 
13142 23 63 166 2 1.85556 22.4725 -4.0158 318.914 13 211 0.96806 0.600793 
13142 23 70 251 3 2.23533 46.5889 -99.5199 418.249 13 211 0.977439 0.755679 
13243 1 0 490 9 1.15137 -35.7942 128.814 324.973 13 211 0.31758 0.10464 
13243 1 2 290 2 0.788709 -8.72666 -79.9152 888.649 -13 13 0.689618 0.871244 
13243 1 44 179 4 2.15291 -67.9581 -106.152 992.993 13 -211 0.997946 0.995576 
13243 15 6 310 5 1.31805 133.973 -85.1679 325.613 13 13 0.364413 0.986484 
13243 15 47 11 11 1.93237 -121.373 125.176 533.387 13 211 0.963642 0.778348 
13243 15 58 381 4 1.09856 -41.1185 86.663 852.338 13 -13 0.934587 0.983557 
13498 10 7 157 1 1.73441 131.934 137.444 660.591 13 13 0.94069 0.976086 
13555 7 53 107 4 3.61874 -63.9744 78.2969 345.801 13 211 0.955777 0.992963 
13555 7 78 6 6 2.25924 120.273 -47.368 311.125 2212 13 3.48141e-08 0.99491 
13555 17 36 284 4 2.04078 -14.1863 103.605 204.195 13 211 0.971784 0.921824 
12057 9 6 40 4 1.69325 12.3026 84.6553 460.466 13 211 0.961791 0.687677 
12057 9 9 280 7 1.79579 -54.2889 83.2545 629.932 13 13 0.957729 0.927952 
12057 9 17 335 1 3.11102 -74.8234 -104.416 681.92 13 13 0.969713 0.997542 
12073 4 17 408 1 2.49587 -45.4769 -12.5749 231.193 13 211 0.987436 0.442759 
12073 4 70 149 2 1.2709 -40.187 9.78491 681.455 13 211 0.981505 0.914891 
12073 14 30 253 2 1.43809 5.37257 -45.3327 553.148 13 211 0.678863 0.351301 
12073 14 64 322 7 0.875149 38.7694 -44.1608 566.431 13 211 0.971713 0.786284 
12079 14 60 238 3 1.49238 -4.70497 -31.3229 494.194 13 211 0.988287 0.75031 
13228 8 32 245 4 2.39545 -53.8342 45.7027 462.192 13 211 0.994731 0.977592 
13228 8 69 352 10 1.98606 -29.8444 111.877 355.606 13 13 0.989562 0.974696 
13524 16 56 191 1 1.8037 -81.1583 -120.802 226.349 211 13 0.143254 0.940707 
13524 16 63 84 7 2.04342 -58.8187 111.094 289.914 13 2212 0.96029 0.71831 
13528 7 14 57 6 1.78211 84.8937 95.8875 679.906 13 2212 0.800846 0.799179 
13528 7 32 148 3 1.47733 67.4056 -55.0133 345.345 13 211 0.922733 0.474862 
13528 7 38 47 5 1.71737 -31.8687 -122.884 444.381 13 211 0.966772 0.830562 
13528 17 13 140 1 1.46781 -78.8087 -95.5168 821.513 13 2212 0.48359 0.15618 
13528 17 42 96 3 1.62159 21.8166 75.5883 304.877 13 211 0.930006 0.873634 
12058 16 63 467 6 2.2516 64.8045 -102.445 275.92 13 2212 0.955038 0.825618 
12076 16 0 75 3 2.1045 -91.2045 59.3584 593.187 13 13 0.987068 0.909921 
13229 14 59 75 5 2.53263 -115.613 81.3296 202.289 13 -13 0.90159 0.993897 
13230 1 32 173 2 2.35227 -71.4722 -104.733 264.626 13 211 0.991114 0.824398 
13262 6 26 96 3 1.64125 -57.8099 62.2777 478.737 13 211 0.967237 0.757827 
13262 6 38 388 9 2.53764 29.5643 -74.4161 291.995 13 211 0.893306 0.704306 
13262 6 39 24 4 1.85005 -50.4142 -23.6813 148.933 13 211 0.884019 0.752523 
13262 6 48 267 7 2.23633 -33.0334 68.1623 345.822 13 211 0.969419 0.772977 
13496 9 28 106 1 1.69922 -67.8019 -18.9614 458.857 13 211 0.976395 0.742495 
13496 9 43 303 1 1.96957 12.8364 11.8708 526.352 211 13 0.774378 0.966184 
13496 9 72 249 3 1.07172 -1.59592 -37.1428 913.52 13 211 0.987773 0.626502 
13496 21 48 67 3 1.54954 -63.4184 79.8747 177.872 13 211 0.82924 0.995022 
13529 3 28 379 5 1.16606 14.9398 -16.1012 165.34 13 -13 0.838572 0.527971 
13543 11 7 102 1 1.14602 -125.441 0.531367 659.189 13 211 0.991504 0.981614 
13546 1 80 482 4 2.11772 -94.4702 85.3917 254.964 13 211 0.99453 0.849214 
13546 13 17 158 5 2.36667 -65.8192 134.79 194.023 13 211 0.99811 0.976282 
13515 4 54 300 2 1.75933 52.3917 71.7754 459.089 13 211 0.990107 0.951172 
13515 14 52 87 3 2.10655 54.6597 132.069 131.323 13 211 0.976865 0.529279 
13515 14 64 291 4 1.08432 51.7708 -71.7389 980.337 211 13 0.255615 0.987945 
13530 9 3 216 3 1.48464 -16.1632 25.1231 325.521 13 211 0.256184 0.543934 
13530 9 3 275 1 2.17234 -112.718 -74.4679 398.911 13 2212 0.223655 0.424493 
13530 9 29 454 6 1.88671 123.149 -89.9804 457.487 13 211 0.981132 0.744344 
13530 9 58 217 5 2.01937 -114.97 139.627 463.721 13 211 0.942478 0.991072 
13542 2 25 178 1 1.61582 106.988 109.648 740.177 13 211 0.772927 0.622966 
13542 2 58 209 4 1.88664 -82.289 112.939 722.401 13 211 0.948134 0.891134 
13542 2 78 170 8 0.923472 78.2298 27.1897 752.326 13 211 0.986137 0.716509 
13542 12 65 147 4 1.86749 72.0644 31.4787 471.709 13 211 0.983169 0.750799 
13544 1 50 299 11 1.46303 130.23 -8.83866 435.203 13 211 0.953231 0.93565 
12080 5 42 269 13 1.44123 110.793 -90.1464 562.602 13 2212 0.981246 0.895369 
12080 5 67 312 2 2.01563 -89.7203 54.561 535.864 13 211 0.980657 0.798901 
13511 7 11 198 3 1.79948 2.2043 -16.4406 678.009 13 211 0.934667 0.864543 
13511 7 35 279 10 1.83222 4.83559 45.8079 462.769 13 211 0.981291 0.665368 
13511 7 37 119 1 2.21699 -32.2081 38.6664 384.414 13 211 0.989678 0.689506 
13511 7 45 232 4 2.07722 22.4969 -54.0782 317.17 13 13 0.885827 0.984426 
13511 17 16 12 7 1.84472 43.8587 -42.0745 372.585 13 13 0.984621 0.523888 
13554 5 3 164 4 1.94921 76.2567 15.9341 344.972 13 211 0.977438 0.62782 
13554 22 33 137 2 1.43875 -16.2708 17.4386 779.786 13 211 0.945991 0.940685 
12061 12 37 32 1 2.49687 75.9663 97.5453 732.373 13 13 0.958668 0.957495 
12061 23 28 290 14 1.98336 -54.8322 89.9695 379.394 13 2212 0.201778 0.269948 
12061 23 58 454 6 1.09801 -91.7034 104.283 983.79 13 211 0.949528 0.90312 
13504 4 2 192 7 1.50337 -1.22769 -83.459 154.88 211 13 0.942338 0.992462 
13504 4 24 415 5 1.48064 -8.22701 -50.4994 296.532 13 211 0.915076 0.953997 
13504 14 29 488 4 2.01201 62.5635 -100.198 559.673 13 211 0.981754 0.853684 
13508 5 60 335 2 1.37384 -82.8806 22.6229 475.259 13 211 0.990486 0.853268 
13522 6 30 342 1 2.24586 -119.026 -14.784 297.509 13 2212 0.490431 0.716032 
13522 6 35 181 11 1.43856 -121.372 68.9669 456.899 13 211 0.974394 0.909923 
13534 5 18 271 2 0.827051 -102.99 -110.036 914.781 13 211 0.865721 0.676302 
13534 15 8 477 3 1.99462 -68.9549 71.7022 445.628 13 211 0.677835 0.993626 
13534 15 20 314 7 1.37287 120.022 -89.6665 391.767 13 211 0.981625 0.953494 
13550 4 27 319 3 1.97492 -40.6749 113.885 423.199 13 211 0.980255 0.886459 
13550 14 25 148 2 1.13071 -0.148013 -110.563 111.812 13 13 0.968712 0.955564 
13550 14 26 167 9 2.3847 -126.562 129.358 158.38 13 211 0.935119 0.755574 
13550 14 55 188 1 2.6067 -126.599 -22.2055 184.571 13 211 0.448894 0.473689 
13538 12 16 291 3 3.19601 -121.127 32.3527 382.706 13 13 0.983539 0.732859 
13538 12 28 411 3 2.4736 -122.923 48.1334 245.832 13 -13 0.942425 0.597323 
13538 23 68 207 8 1.48461 30.7607 -79.1043 686.964 13 211 0.914758 0.724204 
12060 5 3 392 2 1.28294 107.3 -10.8735 270.086 13 211 0.980579 0.389854 
12060 5 3 491 4 1.73513 77.6509 95.312 513.303 13 2212 0.78259 0.520226 
12060 5 50 304 7 1.64708 -13.5062 129.364 230.92 13 211 0.963196 0.767848 
12060 15 29 53 1 0.919176 108.763 47.7765 298.194 13 2212 0.232169 0.429465 
12067 2 42 158 2 1.58243 32.9193 -113.395 370.523 13 211 0.986643 0.938797 
12067 2 66 396 1 1.76839 -54.315 28.0641 135.369 13 211 0.978372 0.807942 
12067 2 76 354 3 2.56914 29.4368 -39.4157 186.614 13 13 0.783919 0.974671 
12067 13 41 117 8 1.98917 -97.5244 -71.9728 361.968 13 211 0.950208 0.607189 
12067 23 26 249 2 1.82034 -6.78418 75.2666 329.145 13 22 0.00348953 0.294108 
13509 4 17 44 8 1.92265 -54.0943 132.13 192.053 13 211 0.928447 0.63299 
13521 1 21 264 11 1.26292 110.165 -62.2107 334.7 13 211 0.636383 0.88895 
13521 1 39 70 2 1.49215 -56.3566 -26.0942 623.075 13 211 0.981517 0.963893 
13521 11 50 467 8 2.31531 -25.1906 115.917 172.455 13 211 0.975994 0.386445 
13521 11 69 144 7 1.87897 -91.1769 -63.8493 370.479 13 13 0.143639 0.981596 
13521 21 74 151 4 2.39022 57.774 132.28 533.267 13 13 0.0030776 0.997401 
13532 7 58 25 2 1.56555 24.7835 85.1171 345.326 13 211 0.970672 0.752871 
13533 19 43 314 5 1.88273 89.4771 50.3838 143.295 13 211 0.978212 0.951458 
13535 11 50 269 2 1.52793 72.1803 -79.8848 251.821 13 211 0.970149 0.98167 
13535 11 76 134 2 2.13361 -65.3867 -41.7548 265.111 13 2212 0.519574 0.633348 
13535 21 6 186 4 2.05819 -12.6683 31.5612 444.986 13 211 0.946745 0.579624 
13541 2 33 487 1 1.75668 -97.1194 -115.904 525.291 13 22 0.0395151 0.690649 
13547 0 10 453 2 1.18302 -38.3987 -25.7024 421.048 13 211 0.950035 0.783377 
13567 14 8 82 2 2.19452 33.0116 79.501 145.607 13 211 0.893245 0.955026 
13567 14 14 103 5 1.23704 -81.7965 49.8991 254.03 13 211 0.989883 0.787172 
13567 14 65 231 7 2.14882 -122.38 92.2981 577.731 13 13 0.000681265 0.828689 
12072 8 66 407 2 2.03052 47.4452 47.3817 687.943 13 211 0.705504 0.91327 
12072 19 21 387 3 1.90342 -96.6692 37.2393 181.702 13 2212 0.915453 0.783498 
12072 19 84 76 6 1.3018 -55.3289 -31.909 417.597 13 211 0.985406 0.986467 
13510 7 50 290 2 1.26655 -39.1427 -4.86596 405.716 13 211 0.971518 0.96655 
13510 7 59 111 2 1.74365 80.0092 19.1896 611.373 13 211 0.910599 0.986 
13512 13 34 15 5 1.21539 37.5643 37.6899 988.267 13 211 0.990628 0.872362 
13518 3 4 103 1 1.31519 -5.55475 130.1 137.785 13 211 0.997681 0.970638 
13518 3 42 18 3 1.97136 22.3605 77.5227 445.032 13 211 0.563149 0.705133 
13518 13 51 59 5 1.25245 47.4067 91.9058 204.154 13 -13 0.60723 0.990293 
13518 24 0 183 7 1.61505 -20.9623 106.181 119.831 13 211 0.957107 0.816278 
13518 24 41 35 4 1.76697 -35.0765 54.2581 245.284 13 211 0.980964 0.807983 
13519 19 50 30 3 1.29834 64.6913 75.2712 242.65 13 211 0.988889 0.840291 
13545 5 15 34 2 1.77102 82.466 89.6601 579.795 13 211 0.996822 0.977345 
13545 5 33 58 6 2.77366 21.6796 96.2721 111.419 13 211 0.974279 0.675056 
13545 15 51 109 1 1.86493 -64.173 11.0634 478.817 13 211 0.983283 0.431572 
12052 7 10 13 3 2.4615 86.0772 121.258 307.721 211 13 2.73281e-07 0.986983 
12069 23 39 274 3 2.08297 75.2661 -96.8226 157.946 13 211 0.983515 0.748023 
12069 23 55 197 3 2.18045 105.422 133.208 153.703 13 211 0.887809 0.829354 
12085 11 41 12 2 1.77119 103.935 127.749 198.738 13 13 0.990114 0.972833 
12085 11 41 106 3 1.75537 -1.68324 88.3713 298.492 13 211 0.882119 0.383505 
12085 23 10 513 2 1.26826 32.57 -110.996 280.025 13 211 0.933915 0.677462 
12085 23 57 398 10 1.93908 32.3348 -88.8829 513.2 13 211 0.962944 0.812429 
13526 8 50 27 7 2.00679 -31.1639 103.254 452.107 13 211 0.183578 0.720856 
13526 18 69 262 4 1.98598 -53.0096 31.6484 394.739 13 211 0.990666 0.816013 
12068 9 16 26 1 1.7872 -28.8215 -39.8229 289.367 13 211 0.979576 0.87941 
12068 9 48 471 6 1.41769 -75.0865 99.8256 457.285 13 211 0.982038 0.68485 
12077 2 50 120 1 2.09424 -84.4314 -105.565 893.088 13 211 0.992736 0.981372 
12077 2 58 183 1 2.25399 -79.1355 -20.595 229.725 13 -13 0.0186262 0.995791 
12077 22 25 161 1 2.22201 -76.3895 -36.2943 143.938 13 211 0.991835 0.933424 
12077 22 83 345 6 0.684367 132.621 -33.2445 566.064 13 211 0.958167 0.863912 
13505 0 1 362 6 1.39818 113.184 -87.354 165.327 13 211 0.654102 0.834467 
13505 10 39 492 9 1.39442 92.8046 -102.029 356.769 13 211 0.849269 0.98562 
13505 10 40 369 4 1.70635 -29.7908 -73.8818 678.044 13 -13 0.949123 0.952628 
13505 10 40 405 1 1.57769 -6.7841 34.6483 298.795 13 211 0.887637 0.59075 
13568 1 34 41 3 2.56267 -116.78 -34.7084 249.08 13 211 0.980105 0.95365 
13568 12 24 66 5 1.74481 22.1961 -102.027 195.086 13 211 0.928123 0.972217 
13568 12 88 184 1 2.10862 -71.5658 41.2987 187.443 13 211 0.764637 0.322059 
13568 22 15 501 1 1.26812 -117.801 -10.5963 760.715 13 211 0.974382 0.760943 
13568 22 29 84 1 2.00605 -76.5766 -116.521 544.22 13 13 0.929728 0.994625 
13568 22 48 184 3 2.29123 -8.47275 -40.377 107.848 13 211 0.986723 0.969263 
13568 22 60 375 8 1.20642 -42.9376 -66.7136 711.443 13 211 0.984664 0.890766 
13568 22 79 118 2 1.85029 -55.0256 -87.8232 711.043 211 13 0.910411 0.959088 
13517 17 39 218 9 1.62328 117.535 58.7373 705.985 13 211 0.740234 0.306435 
13536 7 16 255 8 1.11062 27.1638 -114.282 801.554 13 211 0.991352 0.770255 
13536 7 40 336 8 2.5867 124.124 54.6345 548.081 13 211 0.998161 0.996789 
13551 0 1 244 5 1.42968 -92.5621 -20.907 284.09 13 211 0.8283 0.955061 
13551 10 7 382 5 1.82977 14.7433 -70.4242 448.315 13 211 0.970846 0.516616 
13551 10 19 234 2 1.52823 -120.194 4.47703 210.222 13 211 0.901245 0.576679 
13552 3 47 138 9 1.88833 25.2399 -95.9772 284.297 13 211 0.981259 0.799685 
13552 3 69 360 1 1.53145 109.489 118.341 713.045 13 211 0.992281 0.595109 
13552 13 55 18 3 2.48129 -59.4937 51.8581 297.601 13 13 0.444117 0.765606 
12066 6 0 78 1 1.54495 -66.8675 69.5791 466.402 13 211 0.962637 0.908852 
12066 6 5 59 13 1.63167 33.1088 -6.38492 451.714 13 211 0.842639 0.941411 
12066 6 25 388 8 1.88261 -32.165 49.0358 478.587 13 211 0.941032 0.901672 
12066 6 33 50 2 1.91018 -101.966 -125.21 137.779 13 2212 0.272451 0.606399 
12066 6 34 175 6 1.94659 118.923 -12.8571 397.308 13 211 0.840103 0.673946 
12066 16 52 423 4 1.84263 -61.0411 14.2677 512.785 13 13 0.95732 0.974193 
12084 13 36 35 2 1.10151 -110.019 -33.7583 557.967 13 211 0.995062 0.967891 
12084 23 13 453 3 1.22064 80.5697 -31.1197 151.477 13 211 0.835401 0.985626 
12084 23 63 172 1 2.02313 23.5626 35.179 581.006 13 211 0.998167 0.974341 
13246 17 0 61 5 1.95015 4.15061 -98.6852 459.471 13 211 0.890175 0.94352 
13246 17 14 282 2 1.12545 -74.9757 66.341 739.523 13 211 0.957079 0.79065 
13246 17 20 502 2 1.7071 -36.9209 -76.0353 899.113 13 13 0.0265336 0.994989 
13246 17 65 280 3 1.96971 -29.3135 -28.6926 480.282 13 13 0.98095 0.761538 
13539 19 37 173 5 1.73212 22.328 -106.426 414.477 13 211 0.998497 0.974823 
13540 15 20 303 4 1.9061 1.37782 121.861 277.313 13 211 0.966405 0.678694 
12071 5 4 165 9 0.820942 97.9817 -89.7669 572.579 211 13 0.324478 0.962675 
12071 5 4 316 8 0.812813 113.528 -79.8493 639.219 13 211 0.985401 0.836482 
12071 5 82 77 1 1.33844 -123.351 -63.084 540.229 13 211 0.947182 0.907339 
12071 23 10 200 4 2.09336 54.8134 -50.4555 215.01 13 211 0.987107 0.992267 
13549 1 32 152 4 2.26825 -107.805 74.0089 311.548 13 13 0.986868 0.708042 
13549 1 50 293 4 2.03777 -7.76577 -89.6692 466.558 13 -13 0.762845 0.739405 
13549 1 66 192 2 1.92303 7.03417 5.29994 145.505 13 22 0.0215903 0.260434 
13549 18 20 260 7 1.57899 117.9 -91.3386 451.322 13 2212 0.900357 0.790822 
13549 18 53 26 2 1.75932 -55.9458 114.798 452.438 13 211 0.994238 0.992274 
12051 9 78 25 1 2.23735 -105.518 -56.1824 188.114 13 211 0.979861 0.751148 
12051 19 19 505 1 1.57933 -83.3645 32.1145 438.58 13 13 0.274443 0.072916 
13502 21 7 332 8 1.95519 93.8292 -120.329 233.77 13 211 0.830518 0.738781 
13502 21 75 144 2 2.136 -40.8947 -72.2058 181.229 13 211 0.980848 0.995961 
13513 2 5 249 1 1.53685 -25.0154 6.36139 271.554 13 211 0.470214 0.62766 
13513 2 56 468 5 3.55358 -32.4319 17.6322 298.319 13 13 0.0813421 0.990593 
13513 2 65 227 1 1.38831 9.12796 36.1632 630.394 13 211 0.987666 0.872639 
13513 12 93 403 3 1.56387 -12.6855 -4.88784 552.996 13 -13 0.985527 0.563963 
13513 22 49 225 8 1.287 101.631 -85.2411 269.758 13 211 0.976053 0.920227 
13513 22 53 480 4 1.46301 131.242 -8.38099 519.558 13 13 0.507413 0.723804 
13566 17 32 105 3 1.84114 34.8386 91.1574 137.816 13 211 0.735358 0.618904 
13566 17 37 227 5 2.62307 -102.045 27.9078 198.052 13 13 0.990902 0.999158 
13566 17 51 440 5 1.50831 -61.7784 83.143 478.631 13 211 0.530553 0.602029 
12047 6 48 370 2 2.35485 0.117156 43.0204 135.924 13 211 0.979873 0.835204 
12047 6 54 363 2 1.99795 9.64088 -51.8331 375.062 13 211 0.89804 0.504556 
12049 7 35 227 2 1.70966 -64.7912 5.24108 380.081 13 211 0.986013 0.793515 
12049 17 23 149 13 1.40718 35.0423 -96.5678 168.383 13 211 0.984666 0.951015 
12021 4 40 271 2 3.3497 31.9886 -12.8657 542.67 13 2212 0.503884 0.936981 
12021 14 27 477 1 2.20268 76.2318 85.7577 224.12 13 2212 0.0635495 0.189399 
12021 14 31 411 4 2.19298 131.214 2.52543 128.639 13 211 0.988725 0.839256 
12021 14 47 303 3 1.62049 8.87687 -82.3876 257.827 13 211 0.974907 0.870523 
12021 14 57 98 8 1.5687 -82.9472 101.904 223.066 13 211 0.949572 0.946194 
12037 3 28 142 1 1.43963 28.6581 -7.19641 478.701 13 211 0.986223 0.660913 
12037 13 45 210 12 0.924274 -11.8187 50.7092 847.663 13 211 0.831532 0.730911 
12037 23 0 256 6 1.92445 -31.1333 84.4018 624.957 13 13 0.997886 0.997314 
12037 23 26 433 7 3.16958 -53.0588 -24.9056 109.153 13 211 0.992795 0.994013 
12037 23 64 260 8 1.21726 103.162 -115.204 157.887 13 211 0.121354 0.297441 
12037 23 64 465 4 1.36567 12.9591 18.4767 498.547 13 211 0.98509 0.700991 
12038 9 18 411 5 1.11075 64.2911 73.3505 779.668 13 211 0.990387 0.886412 
12038 19 14 187 1 1.76476 14.6366 71.7402 632.908 13 211 0.986841 0.822916 
12038 19 52 53 2 1.69134 -42.3158 -49.2141 262.52 13 211 0.943802 0.934044 
12025 7 68 7 1 1.83011 99.2699 52.6919 490.972 13 211 0.962401 0.373344 
12025 7 68 89 4 1.24277 -109.213 -0.920036 646.592 13 211 0.974204 0.801897 
12019 5 78 382 2 3.06837 -25.4757 75.1416 593.875 13 2212 0.490891 0.968213 
12019 15 14 106 2 2.00327 -92.951 37.2251 319.985 13 13 0.00260204 0.98068 
12019 15 33 501 1 1.1801 12.6164 -99.0752 753.848 13 211 0.989443 0.926283 
12020 1 54 274 1 1.88611 129.805 107.136 816.748 13 211 0.907357 0.978228 
12020 1 55 129 1 2.23111 62.9622 112.241 451.416 13 -13 0.885293 0.826102 
13531 11 9 141 7 2.05861 -89.7144 75.3809 880.316 13 211 0.991829 0.973639 
13531 21 3 457 1 1.1301 17.6453 -21.5814 780.077 13 211 0.925249 0.755832 
13531 21 23 551 1 2.20281 13.4694 37.5938 213.652 13 2212 0.957575 0.894826 
13531 21 54 173 1 1.67425 80.3537 -50.3056 285.213 13 211 0.894278 0.594782 
12050 3 30 223 2 1.26727 -13.6704 35.3608 332.195 13 211 0.966599 0.926469 
12050 24 10 166 7 2.20512 -68.5236 -16.3832 241.553 13 211 0.972946 0.890849 
12044 0 32 210 2 1.35706 55.9067 81.2165 106.434 13 211 0.99446 0.764383 
13280 6 34 157 9 1.94941 -118.954 51.5308 465.352 13 211 0.522167 0.320721 
13280 16 66 353 2 1.9475 52.1597 31.3142 171.436 13 211 0.97251 0.545911 
13493 5 49 81 6 1.8803 -118.375 -58.9629 385.61 13 211 0.94722 0.61094 
12018 9 29 190 3 1.1222 -115.156 73.7726 714.932 13 211 0.976989 0.383475 
12039 5 28 317 5 0.90386 -20.4973 -28.2008 526.918 13 211 0.927245 0.774157 
12040 1 28 172 6 1.45143 38.2607 -54.6743 584.529 13 211 0.991327 0.937377 
12040 1 29 559 1 2.40105 -8.97994 -7.11587 456.29 -13 13 0.56682 0.945234 
12045 0 35 142 4 2.64159 46.178 134.617 575.036 211 211 0.995985 0.999358 
12045 23 34 299 2 1.48118 -33.6535 66.0473 299.406 13 211 0.972789 0.569865 
12036 6 24 41 3 1.84558 -45.3844 16.6171 788.204 13 211 0.994355 0.932464 
12036 6 35 174 1 1.02354 -109.97 -128.945 348.866 13 211 0.947306 0.966762 
12036 16 49 392 3 1.63385 -80.8997 -3.14136 659.19 13 211 0.932562 0.839141 
12036 16 65 288 6 1.0382 56.9624 -116.338 551.828 13 211 0.983171 0.923261 
11597 4 52 57 2 2.93231 -105.411 63.0683 225.873 13 13 0.983212 0.950802 
11597 15 35 262 3 1.00497 93.6062 -47.061 291.896 13 13 0.926134 0.935333 
13483 1 49 164 2 1.78857 44.9401 62.8678 553.044 13 211 0.989655 0.651374 
13483 15 8 82 2 2.07181 -5.63262 32.1699 124.625 13 2212 0.595645 0.618491 
13483 15 26 585 3 1.25232 61.4082 -103.2 184.96 13 13 0.993533 0.956148 
13483 15 29 29 3 1.8237 102.853 113.026 182.937 13 211 0.967578 0.629082 
13483 15 32 319 8 1.48019 132.055 49.2491 730.585 13 211 0.996231 0.908942 
13484 11 69 258 1 1.55948 38.4957 69.8616 425.67 211 13 0.315672 0.985494 
13484 21 61 57 4 1.94224 -120.428 -116.56 676.087 13 211 0.786358 0.994008 
13487 5 38 236 2 1.42021 68.9936 55.3008 281.198 13 211 0.980198 0.779341 
11615 9 44 453 4 1.74307 20.3491 -47.2534 407.106 13 211 0.984281 0.657456 
11615 19 6 397 1 1.15284 -13.9876 13.6691 418.737 13 211 0.983098 0.877409 
11615 19 8 367 1 0.994954 70.2478 -0.364564 438.363 13 211 0.984344 0.739002 
11615 19 36 202 5 1.64158 70.7978 -90.0431 510.515 13 211 0.980777 0.970842 
12012 2 9 460 2 2.11849 78.0287 -6.244 679.324 13 13 0.922091 0.976515 
12012 2 35 443 2 2.51152 25.1689 -73.5937 317.397 13 211 0.998167 0.967962 
12012 12 1 362 3 4.39681 -66.8719 -57.0825 479.188 211 211 0.966986 0.999819 
12012 12 66 126 1 1.56746 0.28037 -19.5674 251.73 13 211 0.904518 0.73695 
13471 1 5 45 6 1.43527 127.967 33.1242 610.631 13 211 0.997601 0.988908 
13481 7 35 380 3 1.8998 -11.9256 54.3489 399.34 13 211 0.822371 0.856346 
13506 9 43 88 4 2.4283 47.3684 -125.329 215.795 13 2212 0.892821 0.850306 
13506 9 43 223 1 2.53291 6.07663 53.9513 126.369 13 211 0.947657 0.886841 
13506 9 62 453 1 1.8864 63.1305 103.866 190.831 13 2212 0.45193 0.701375 
11605 19 38 333 8 1.57221 -30.6729 45.1556 686.863 13 211 0.977908 0.558097 
11611 6 53 296 1 1.6683 3.83447 65.0713 228.369 13 211 0.972524 0.598981 
11611 16 12 189 5 1.51782 48.1207 21.5714 566.067 13 211 0.993278 0.993838 
13480 9 15 403 1 2.06268 74.4021 53.619 157.847 13 211 0.83457 0.719092 
13480 22 18 228 1 1.4298 -7.43859 4.08547 378.709 13 211 0.976754 0.817873 
11609 1 35 78 3 1.88886 -62.0067 -81.3128 402.405 13 211 0.990432 0.610313 
11609 1 65 185 1 2.11099 93.5705 10.6274 238.892 13 13 0.20049 0.670582 
11609 11 0 561 1 1.53799 -29.1968 94.1423 285.137 13 211 0.611592 0.672459 
11606 18 1 560 12 1.30799 49.4648 -113.139 469.042 13 211 0.866953 0.858002 
11606 18 14 54 1 1.29312 -34.9568 -127.049 311.948 13 -13 0.788233 0.985188 
11606 18 62 23 5 1.74255 51.0465 86.4527 117.534 13 13 0.074122 0.785274 
12017 3 33 227 8 1.84008 21.1484 -123.121 828.284 13 13 0.0307282 0.398273 
12017 13 47 460 1 1.78845 -0.824395 13.7762 289.01 13 -13 0.670398 0.983603 
13477 8 55 261 1 1.9934 -11.6025 -118.446 204.765 13 211 0.944577 0.702675 
11607 14 5 122 3 2.04599 109.625 17.7957 525.787 13 211 0.959268 0.863809 
11608 0 82 334 7 1.44557 -22.3808 68.7649 252.496 13 211 0.995132 0.950412 
13278 7 43 15 12 1.4893 131.736 -64.7859 130.064 13 211 0.982717 0.632597 
13474 2 41 302 5 2.27215 -83.7378 82.5824 435.98 13 13 0.538269 0.948451 
13474 12 16 352 5 1.29679 62.8953 65.1906 867.239 13 211 0.726267 0.613893 
13474 12 45 428 1 1.7028 -127.471 -32.8621 169.408 13 211 0.924044 0.947656 
13474 22 51 132 5 2.12003 -60.0432 5.89069 365.909 13 -13 0.750622 0.991642 
13474 22 76 457 3 1.63438 23.1549 65.2165 680.314 13 211 0.988123 0.572252 
11616 7 14 389 3 2.05482 -64.7573 -54.8197 592.905 13 -13 0.731245 0.989089 
11616 17 9 390 7 1.45225 85.8312 17.6458 223.487 -13 13 0.41786 0.865269 
11616 17 23 5 1 2.20214 15.6509 -94.9255 392.547 13 -13 0.950258 0.982344 
13281 1 24 278 5 1.64732 35.1091 -56.6501 636.893 13 -13 0.878225 0.97951 
13281 1 35 448 2 2.42477 -27.5757 -64.5509 263.937 13 211 0.945623 0.86053 
13281 13 40 264 1 0.881709 54.2837 9.6432 920.1 13 211 0.955516 0.674341 
13281 13 59 576 7 2.39447 110.043 -39.082 151.411 13 211 0.968666 0.98644 
13479 23 4 208 4 2.83425 -40.1373 -92.3403 243.285 13 211 0.801844 0.952396 
13479 23 28 84 5 1.96941 -46.2784 10.6139 444.4 13 2212 0.836237 0.767804 
12015 1 0 442 6 1.92805 91.4212 -35.2111 623.393 13 211 0.998113 0.998911 
12015 1 77 454 5 1.62848 32.6148 61.4276 817.765 13 211 0.990597 0.736612 
12015 21 26 392 2 1.94403 18.5647 108.243 718.829 211 13 0.330542 0.95686 
13486 9 43 585 10 1.38867 -34.197 102.752 332.698 13 13 0.0285378 0.869428 
11604 3 41 562 2 2.76286 58.7017 101.366 365.346 13 2212 0.430505 0.717377 
11604 23 27 170 3 1.25636 -9.6916 -82.7966 486.575 13 2212 0.491602 0.73058 
11604 23 34 353 3 3.07159 -102.857 27.5435 104.548 13 13 0.980325 0.915776 
11610 7 35 287 8 2.13846 -107.8 126.322 318.177 13 2212 0.0995818 0.50717 
11492 5 52 475 6 1.65433 84.1167 -94.1238 235.018 13 211 0.990898 0.881432 
12013 8 88 269 4 1.37742 53.7254 -80.9786 290.726 13 211 0.986687 0.895296 
12013 18 14 71 6 1.69786 68.9773 1.62343 916.175 13 211 0.972765 0.983097 
12075 7 25 364 8 1.56546 113.065 -70.7656 425.006 13 211 0.780716 0.568978 
12075 7 36 420 5 1.26047 116.279 0.807059 301.146 13 211 0.980247 0.760461 
11506 2 49 41 2 1.83908 -105.711 -21.1931 635.039 13 211 0.993805 0.868973 
13470 5 41 449 1 1.3098 42.1543 93.4166 740.164 13 211 0.938197 0.796469 
13470 15 53 64 2 1.3307 26.6905 -90.5173 693.56 13 211 0.958977 0.810398 
13475 8 62 578 1 1.06621 74.5746 50.8829 848.85 211 13 0.984297 0.837094 
13475 18 9 448 4 2.50119 -95.8126 -124.811 545.276 13 211 0.964701 0.995054 
11600 11 15 182 2 1.51736 23.6287 -19.9379 700.288 13 211 0.989363 0.769399 
11600 21 30 215 1 2.34556 -119.329 -25.7089 225.453 13 211 0.351805 0.609035 
11600 21 63 97 3 1.86482 61.5386 -15.3696 398.459 13 211 0.971573 0.668221 
11601 7 38 527 5 1.35964 105.211 -6.03476 778.706 13 211 0.966365 0.792757 
11601 18 39 563 3 1.62754 83.3706 118.845 358.64 13 13 0.705307 0.980493 
13277 17 15 460 4 2.46698 -129.985 109.632 190.31 13 211 0.933341 0.681384 
13277 17 25 560 3 2.46947 137.408 -6.5721 416.16 13 211 0.666325 0.833138 
13277 17 27 530 2 2.00725 -82.5232 91.7234 257.971 13 13 0.981027 0.997052 
13277 17 41 360 2 2.05868 -28.0443 -19.5419 157.753 13 211 0.389332 0.621656 
11496 1 18 445 1 1.90254 -83.4941 -44.734 486.453 13 211 0.97687 0.572497 
11496 1 40 436 1 1.67127 -57.3138 -114.628 665.415 -13 13 0.135747 0.98608 
11496 1 44 282 3 1.97589 -33.9098 82.1248 191.217 13 211 0.99485 0.973573 
11496 11 52 399 1 2.19481 26.4489 10.8356 440.585 211 13 0.0182657 0.999243 
11496 11 55 27 2 1.30475 32.2778 36.8671 940.196 13 -13 0.673334 0.904725 
11507 10 33 527 4 1.14726 112.548 29.8784 839.995 13 211 0.948204 0.883236 
11507 10 59 132 3 1.68069 -56.0554 59.0342 379.59 13 211 0.975823 0.9118 
12016 7 0 103 9 12.6848 -32.1184 128.183 732.699 13 211 0.993017 0.955753 
12016 7 0 470 3 1.72408 108.274 -4.94986 637.178 13 -13 0.873901 0.866308 
12016 7 56 223 3 1.9784 -74.6127 -12.3631 397.18 13 211 0.98802 0.887019 
12016 17 48 318 3 2.06864 -127.731 9.46795 266.119 13 211 0.974767 0.73261 
12016 17 72 257 3 1.06157 -116.054 113.094 786.707 13 211 0.974913 0.939966 
13260 15 9 158 7 1.8949 -48.6556 4.06102 371.807 211 13 2.54367e-05 0.983338 
13260 15 53 443 1 2.07185 -31.9357 -27.7429 175.212 13 211 0.990395 0.933714 
11483 10 37 613 4 2.27972 81.7096 79.0404 232.802 13 13 0.936544 0.799363 
11483 20 59 533 3 2.54919 -29.5888 0.8017 385.266 13 211 0.986433 0.914446 
11512 3 60 28 8 1.74778 132.304 35.6341 740.716 13 22 0.00115191 0.311453 
11512 13 36 276 3 1.94909 60.2741 88.197 224.888 13 2212 0.896613 0.687592 
11512 13 56 557 1 0.735667 -0.565387 28.8412 982.088 13 13 0.881628 0.920319 
11512 13 58 177 2 1.52185 -120.66 49.9777 798.379 13 211 0.9869 0.866431 
11523 5 9 466 2 1.53789 -42.7855 -112.586 542.625 13 2212 0.933412 0.941557 
11523 15 30 156 1 1.95089 -0.780835 14.5467 699.495 13 211 0.871227 0.729449 
11523 15 30 311 2 2.05613 104.262 120.364 623.831 22 22 0.874593 0.998043 
11523 15 44 320 2 1.45644 108.573 61.6864 405.009 13 211 0.955321 0.98977 
11523 15 52 312 1 1.31695 -52.2573 -83.8622 463.572 13 211 0.937924 0.941407 
11594 12 31 487 9 1.83751 103.097 -4.95128 274.906 13 211 0.971682 0.763701 
11594 12 68 437 4 2.61217 25.8254 135.105 164.367 13 -13 0.848689 0.948079 
11476 21 13 205 3 1.20402 0.37001 38.5073 754.1 13 211 0.987117 0.524054 
11476 21 43 424 5 2.76023 -97.9868 128.365 962.908 13 13 0.979424 0.955251 
11465 7 19 548 3 1.91734 35.2536 70.9025 537.902 13 211 0.78501 0.279069 
11515 13 15 551 1 1.57483 27.2679 91.5827 461.938 13 211 0.935975 0.977717 
11477 7 12 251 4 0.802938 104.734 -45.7648 311.762 13 22 0.00390572 0.560014 
11477 7 67 474 1 1.4051 -95.6878 -96.3491 286.924 13 211 0.991911 0.807779 
11477 7 68 166 3 1.97815 -66.7114 45.667 104.992 13 211 0.985864 0.675724 
11477 17 19 43 2 1.66276 -42.5018 50.3832 325.091 13 211 0.417195 0.370428 
11478 15 8 460 1 2.40115 67.3215 19.4097 112.403 13 211 0.947335 0.799237 
11478 15 34 360 2 0.75356 -54.451 22.6773 805.278 13 211 0.951627 0.44412 
11478 15 64 468 2 1.94768 -37.4686 -121.756 490.332 13 211 0.798701 0.885926 
11473 0 23 328 4 1.7998 64.9648 -112.783 149.135 13 211 0.9188 0.818221 
11484 9 40 183 9 0.982472 -126.539 109.689 647.081 13 211 0.877844 0.278668 
11484 9 46 508 6 2.04887 -71.0584 77.4181 443.248 13 211 0.345254 0.614137 
11522 1 57 153 1 2.61589 29.7894 59.316 118.115 13 211 0.875741 0.77946 
11522 19 10 79 2 2.03826 -92.337 14.1928 433.671 13 211 0.994767 0.888436 
11466 11 11 125 11 1.31603 -52.1917 113.413 760.479 13 -13 0.969064 0.857265 
11509 15 21 73 4 1.85958 92.7357 -124.573 655.009 13 211 0.980219 0.629461 
11510 21 53 146 4 1.53829 -98.3927 39.2068 503.189 13 211 0.96108 0.619096 
11461 6 20 171 3 0.857204 -28.996 107.488 927.702 13 211 0.972398 0.763091 
11461 6 34 554 3 1.62775 105.85 3.15099 666.752 13 211 0.905012 0.994568 
11461 16 11 95 1 2.07642 14.2173 -40.0447 299.294 13 -13 0.656127 0.970001 
11461 16 42 52 4 2.15424 -27.3506 33.3258 353.711 13 211 0.982509 0.764676 
11461 16 75 614 1 0.72234 -61.5273 -68.362 352.309 13 211 0.942265 0.969011 
11480 18 28 614 12 1.5166 41.8512 -65.7326 630.207 13 211 0.995622 0.796085 
11569 9 47 330 4 2.23168 -51.8431 -24.6603 545.599 13 13 0.893516 0.945082 
11569 9 55 137 1 1.56259 -114.867 -69.2412 471.177 13 211 0.958773 0.770228 
11569 19 8 323 6 1.62747 74.6491 -106.377 639.759 13 13 0.991685 0.989074 
11489 10 65 311 1 0.586955 -119.653 57.2743 252.421 13 211 0.883325 0.755138 
11570 5 61 359 1 0.850864 -6.37187 -37.2147 625.785 13 211 0.946123 0.795074 
11570 18 3 192 4 1.98421 67.3797 -44.521 322.316 13 13 0.9974 0.983981 
11570 18 17 489 3 1.24852 65.2511 112.971 882.385 13 211 0.947017 0.92708 
11598 0 68 609 2 1.01662 10.5378 64.1317 231.896 13 211 0.966021 0.879337 
11598 0 70 146 1 2.03391 -66.5214 27.0863 512.365 13 211 0.950948 0.953489 
11467 7 54 181 2 1.22979 -94.9567 23.5089 295.478 13 211 0.968656 0.791514 
11467 17 4 272 4 1.40708 88.1668 47.1733 412.388 13 2212 0.673007 0.575752 
11468 4 11 47 1 1.46752 75.3427 77.8387 411.046 211 13 0.830738 0.501087 
11468 4 27 206 7 1.89709 2.93543 109.917 717.359 13 211 0.961163 0.962008 
11468 4 34 607 4 1.77202 -18.0757 61.6017 507.303 13 211 0.989367 0.526387 
11468 14 14 409 5 2.37523 43.3959 48.9584 260.758 13 211 0.945475 0.842791 
11468 14 57 306 1 1.49614 -122.931 -74.7332 367.403 13 -13 0.983333 0.701743 
11472 13 49 106 1 1.41506 16.9495 47.5988 686.682 13 13 0.69661 0.995 
11494 9 41 212 6 2.30862 -33.2248 35.2832 291.616 13 13 0.159944 0.936992 
11451 17 40 594 3 2.69897 111.959 133.052 558.135 13 211 0.975379 0.991702 
13223 18 15 406 1 1.34755 -11.2415 -42.6438 340.346 13 211 0.73424 0.645425 
13476 20 11 1 1 1.17108 -43.9599 -15.1731 465.622 13 211 0.977285 0.693795 
13476 20 12 424 2 1.92098 109.237 2.03429 470.588 13 211 0.981434 0.854346 
11424 1 14 419 4 2.79693 -82.7999 99.8096 465.816 13 13 0.993879 0.994893 
11436 14 24 368 4 2.90802 137.206 -57.5388 502.545 13 211 0.998917 0.986797 
11450 0 36 434 3 1.71417 66.1705 109.8 131.437 13 -13 0.968022 0.850341 
11450 10 54 227 4 1.45735 -28.5597 45.2435 579.303 13 211 0.986267 0.52889 
11450 20 30 200 1 2.14679 -105.536 -19.9219 309.477 13 211 0.990536 0.780442 
11450 20 30 325 4 2.80037 -31.7378 -16.985 529.022 13 13 0.972004 0.978175 
11450 20 32 461 8 1.94401 132.316 -22.5722 403.196 13 211 0.483865 0.63778 
11462 12 51 161 2 2.13214 44.9558 67.2168 540.29 13 211 0.997122 0.968811 
11462 12 53 258 1 2.14923 -27.118 35.0881 514.047 13 211 0.961534 0.299671 
11490 16 33 84 6 1.32739 -49.2339 87.433 328.069 13 211 0.984785 0.531467 
11565 7 1 43 1 2.6097 43.9145 -19.842 593.165 2212 13 0.313177 0.989656 
11565 7 18 116 1 2.29953 -96.5996 -112.797 312.362 13 211 0.99872 0.994872 
11565 17 10 614 2 1.91338 55.4902 9.24416 345.742 13 211 0.980401 0.971237 
11568 13 15 147 3 2.61156 104.562 110.111 506.593 13 2212 0.0133688 0.262643 
11568 13 28 56 4 0.822479 -96.8685 90.3098 954.365 211 13 0.678466 0.51392 
11568 23 25 366 1 2.08323 -38.0734 92.5245 365.601 13 211 0.964465 0.66968 
11568 23 36 364 6 2.33733 83.8804 6.18915 311.787 13 2212 0.438847 0.54208 
11568 23 52 522 3 1.62672 -39.63 -121.146 390.88 13 211 0.798171 0.988113 
11572 18 55 462 10 1.0373 45.231 47.1655 593.205 13 211 0.981263 0.496841 
12011 6 30 162 5 2.24029 -54.4506 13.7739 765.014 13 211 0.975182 0.946881 
12011 16 42 627 2 1.94936 84.0701 69.0921 626.827 13 211 0.998477 0.980347 
11562 9 26 629 1 1.93763 -36.3334 56.2784 398.107 13 211 0.983985 0.974954 
11562 19 53 559 6 1.28996 92.9858 -94.6918 860.93 13 2212 0.971449 0.729626 
11564 0 20 307 10 1.33652 109.472 -79.0711 272.318 13 211 0.920401 0.984236 
11564 0 38 106 2 2.48343 -35.7612 -33.8414 770.29 13 211 0.992815 0.986897 
11564 0 41 372 1 2.10875 -33.9808 -19.3753 281.598 13 211 0.900076 0.83023 
11493 3 22 348 7 1.96468 -103.046 72.9263 443.9 13 211 0.991029 0.987776 
11493 3 50 180 2 1.87237 -96.7663 96.9133 724.647 13 13 0.898908 0.918903 
11493 13 61 591 3 2.13642 34.3956 -42.1394 304.635 13 211 0.972742 0.978872 
11428 0 37 109 5 2.04373 134.584 -18.9198 475.286 13 13 0.9008 0.970538 
11428 0 41 401 1 2.21872 -1.31691 -36.2709 356.221 211 13 6.21753e-06 0.994333 
11428 10 1 4 12 2.11309 42.33 21.7123 178.629 13 211 0.891086 0.130187 
11428 10 6 53 7 2.15706 92.7261 -84.0038 238.08 13 211 0.949459 0.612323 
11428 20 30 305 1 1.29095 0.84035 16.583 256.662 13 211 0.987865 0.852329 
11435 8 25 201 5 1.64411 71.5213 51.5753 130.514 13 -13 0.965108 0.942977 
11435 8 42 590 5 1.40794 -31.5988 3.1681 179.609 13 211 0.123695 0.997374 
11505 6 39 58 7 1.02134 -76.4622 137.114 900.938 13 211 0.976402 0.682123 
11505 16 18 623 2 1.4514 -54.3715 25.8892 471.678 13 211 0.990359 0.686175 
11583 16 25 345 1 1.50066 2.81593 55.9195 303.797 13 211 0.987023 0.96789 
11429 8 3 348 6 1.6605 14.3529 -103.77 669.894 13 211 0.975604 0.75753 
11429 18 48 120 2 1.81539 91.8692 98.0679 506.269 13 211 0.987483 0.760987 
11463 12 57 90 2 2.31661 -121.232 -93.8617 300.042 13 211 0.977592 0.616217 
11574 4 21 388 2 1.2836 -100.785 -35.1371 305.088 13 211 0.972421 0.739162 
11574 4 48 508 4 1.71831 -76.4739 98.2682 146.852 13 211 0.992152 0.968056 
11574 4 65 295 4 0.726811 -43.2741 68.8497 553.383 13 211 0.926753 0.746412 
11599 15 23 290 4 1.78852 -112.539 -21.0931 613.293 13 211 0.826929 0.652934 
11464 10 61 56 7 1.34779 24.2859 -92.2336 753.476 13 211 0.945624 0.848664 
11464 10 66 76 3 2.17203 -3.27392 -111.461 385.593 13 211 0.985637 0.911449 
12014 5 25 210 2 2.01563 15.1042 43.6493 506.676 13 211 0.942661 0.917636 
12014 15 57 240 2 2.27268 -100.311 -54.2726 181.213 13 2212 0.337613 0.824797 
11426 14 25 586 3 2.57839 68.3352 -15.2483 111.566 13 211 0.899534 0.338693 
11573 3 18 288 4 1.60979 11.7546 128.48 846.645 13 211 0.755556 0.988354 
11573 14 37 401 1 1.32365 -12.3694 -119.663 647.092 13 13 0.297638 0.650199 
11427 1 7 307 1 2.01359 2.42686 -46.4026 509.412 13 13 0.991961 0.937199 
11427 1 62 503 9 1.17733 71.1466 -76.144 716.023 13 211 0.985732 0.995916 
11427 1 69 166 2 2.31587 -24.1878 49.4981 255.495 13 211 0.646392 0.786495 
11479 2 24 205 2 2.2249 32.0331 -45.1673 398.067 13 13 0.917649 0.365331 
11479 2 61 533 1 3.38662 97.4942 -84.4377 175.366 13 13 0.986028 0.836098 
11479 12 24 450 7 6.05462 -21.2179 115.914 572.419 13 13 0.998912 0.97757 
11479 22 5 188 3 2.04042 14.0519 -83.793 576.847 13 211 0.976106 0.908924 
11479 22 21 57 5 2.73432 106.021 -61.6135 160.314 13 13 0.982113 0.957959 
11479 22 25 134 1 1.87029 103.589 111.28 600.151 13 211 0.957669 0.87888 
11561 7 44 440 8 2.08986 -68.966 108.603 311.75 13 2212 0.825422 0.56967 
11430 4 5 221 1 1.88541 10.9687 42.7244 673.639 13 211 0.980849 0.938951 
11430 14 34 327 3 1.13261 -110.865 -111.768 700.856 13 211 0.994477 0.97544 
11430 14 61 513 6 2.15939 25.4156 -63.519 195.767 13 211 0.982387 0.53237 
11575 10 19 532 4 1.72378 -51.9776 76.3908 617.196 13 211 0.965923 0.89074 
11575 10 44 62 1 1.96204 -39.0419 -74.2682 454 13 211 0.967457 0.895816 
11577 8 3 33 7 1.98953 101.033 -119.872 111.099 13 211 0.978264 0.769767 
11577 8 44 554 2 1.92616 -47.5381 50.9382 144.671 13 211 0.95566 0.764939 
11577 8 64 333 4 1.24572 1.98084 78.3064 776.7 13 211 0.0667829 0.995038 
11425 8 34 357 2 2.29253 -127.47 31.7042 284.021 13 -13 0.917984 0.985564 
11425 18 39 240 3 2.2752 25.9691 12.6839 238.755 13 211 0.978599 0.881733 
11469 10 67 502 8 1.53937 131.839 -7.85602 481.187 13 211 0.980112 0.870818 
11469 20 61 237 1 2.40868 106.979 123.263 264.289 13 211 0.741181 0.621024 
11421 17 24 461 7 1.97016 17.7075 -82.1058 392.035 13 211 0.664195 0.675877 
11421 17 47 462 5 1.67853 82.4332 9.28091 633.669 13 2212 0.216328 0.525766 
11491 8 68 189 1 2.17657 -84.8177 9.39759 198.716 13 211 0.904353 0.748863 
11491 18 14 7 5 2.73664 -33.8904 79.9576 196.791 13 211 0.941338 0.986058 
11502 4 6 283 7 1.87305 -57.5279 118.87 715.362 13 211 0.935212 0.936166 
11503 0 40 522 7 1.74119 93.6847 -121.915 260.273 13 211 0.941209 0.710027 
11503 0 41 139 3 1.103 -122.005 54.386 867.263 13 2212 0.579271 0.5223 
11503 0 57 479 1 0.964386 28.3609 -83.1721 471.926 13 211 0.649125 0.61547 
11503 10 26 366 4 2.85511 5.46766 -106.492 271.31 13 13 0.706956 0.977511 
11503 21 5 101 1 2.06224 -114.211 -116.08 118.736 13 211 0.845197 0.873152 
11602 15 50 268 6 2.34422 129.779 25.2023 311.969 13 211 0.775936 0.920245 
11576 11 51 434 1 1.83303 -85.3577 -91.7102 425.366 13 211 0.834197 0.524386 
11576 11 53 213 1 1.75803 -29.314 -23.4383 584.528 13 211 0.994093 0.701373 
11576 21 59 494 2 1.97853 116.649 21.646 362.843 13 211 0.862324 0.923535 
11578 20 9 310 3 1.59792 114.301 52.4289 669.432 13 211 0.979613 0.60765 
11580 8 29 283 1 1.90433 -88.8013 58.5081 654.867 13 211 0.976961 0.95627 
11580 18 9 545 2 0.855234 -75.0766 -118.315 142.756 13 211 0.780008 0.401362 
11580 18 30 33 3 2.07094 -113.207 -123.242 238.443 13 211 0.554429 0.66685 
11580 18 48 401 6 1.47606 -47.2459 109.225 801.091 13 211 0.980971 0.959544 
11603 7 7 517 2 2.18854 29.9637 67.983 828.349 13 211 0.996696 0.995596 
11603 17 2 629 2 1.30161 -74.2801 59.3175 139.098 13 211 0.958256 0.772312 
11498 7 43 430 5 1.76601 -34.2914 125.565 576.568 13 13 0.999167 0.99183 
11559 7 50 425 1 1.80416 -58.2554 -66.3709 478.445 13 211 0.994811 0.860981 
11582 10 14 462 6 1.1551 102.813 -114.83 245.108 13 211 0.852294 0.308707 
11420 11 42 185 9 1.24605 56.7243 -94.0703 844.866 13 211 0.971202 0.871137 
11443 4 14 155 6 1.81031 128.902 -3.85447 661.436 211 13 4.07862e-05 0.987259 
11443 4 38 641 4 1.65769 -15.5561 105.834 210.762 13 13 0.986604 0.972574 
11444 10 20 206 6 1.35729 72.4481 45.2957 279.851 13 211 0.916157 0.647478 
11444 10 52 415 2 2.28338 21.1888 57.4646 915.201 13 13 0.905779 0.99183 
11444 20 13 87 2 2.20408 134.799 14.1231 291.576 13 211 0.943062 0.892119 
11446 2 3 534 4 1.90029 -11.382 12.3728 291.706 211 13 6.98485e-06 0.979658 
11447 8 36 89 7 1.95986 27.4545 -102.495 477.963 13 13 0.739486 0.977428 
11447 8 75 486 1 2.03687 -51.9388 -39.1069 617.149 -13 13 0.838478 0.993826 
11581 4 61 554 5 2.26869 -127.935 40.5232 132.054 13 211 0.985383 0.730796 
11581 14 30 604 1 1.5384 -35.2931 -53.2133 578.756 13 211 0.983727 0.412629 
11445 6 7 54 3 2.03735 68.0274 -31.3009 278.076 13 211 0.988075 0.434316 
11442 6 9 345 2 2.07878 15.4549 -30.5259 438.334 13 211 0.98567 0.485863 
11442 6 10 398 1 1.4422 -12.6477 -11.8419 267.417 13 22 0.201808 0.216528 
11442 6 56 216 1 1.83453 -75.7081 -0.643517 563.601 13 211 0.985556 0.954853 
11442 16 9 361 2 1.6413 -110.514 -114.761 576.432 13 211 0.994294 0.988464 
11442 16 25 249 2 1.80554 -84.3778 114.882 225.599 13 2212 0.809448 0.693591 
13467 4 2 557 1 1.43662 -94.6305 -119.155 492.452 13 -13 0.411828 0.983042 
11437 4 0 459 3 2.16843 -50.5543 58.4523 454.775 13 -13 0.729567 0.977686 
12000 5 71 208 2 2.23609 -81.5224 12.1042 178.861 13 211 0.979759 0.988219 
12000 5 86 289 5 1.59578 -100.853 12.9795 458.18 13 211 0.987548 0.910613 
12000 15 29 513 4 1.97013 -1.24554 75.8523 618.881 13 211 0.991565 0.963205 
12000 15 34 252 1 2.41077 36.3073 -44.4093 182.893 13 211 0.940071 0.618539 
12000 15 49 293 1 1.41197 60.8358 62.9749 632.852 13 211 0.98551 0.69762 
11441 9 6 435 1 1.69449 51.3262 -128.081 734.16 13 211 0.981904 0.730732 
11441 19 22 384 3 1.4771 71.2485 -108.847 210.347 13 211 0.866363 0.9562 
12001 10 19 9 1 1.63739 -14.7665 78.5165 570.906 13 211 0.924657 0.897625 
12001 20 55 309 1 1.75016 53.4722 68.6023 636.567 13 211 0.975907 0.942729 
12001 20 55 475 5 1.12509 68.3965 131.832 813.855 13 2212 0.12974 0.5006 
12002 6 31 663 2 1.49585 105.092 58.277 137.853 13 211 0.977092 0.843229 
12002 6 46 522 3 1.43695 109.069 125.28 485.611 13 211 0.991228 0.97409 
12002 16 3 140 1 1.42065 -61.9495 42.0522 698.472 13 211 0.974804 0.674892 
12002 16 24 230 3 1.81739 -82.783 -48.3811 313.757 13 211 0.993428 0.790452 
11558 9 41 447 3 2.25453 125.542 117.068 500.293 13 211 0.954398 0.993771 
11558 9 43 182 4 1.69334 91.84 6.43171 581.228 13 13 0.968013 0.861883 
11460 4 8 592 6 2.17324 -60.0031 85.2308 264.942 211 13 3.82405e-07 0.998285 
11419 5 17 434 5 1.82272 53.5985 -27.5012 144.781 13 211 0.993382 0.730322 
11440 23 71 255 7 1.72952 122.541 -118.864 351.533 13 211 0.964566 0.888183 
11416 4 31 499 2 1.75443 67.1018 131.368 889.152 13 211 0.981189 0.708981 
11416 4 40 196 1 2.0835 -1.96229 98.1528 534.878 13 211 0.976299 0.977454 
11417 1 54 432 2 1.49338 97.1611 131.068 513.078 13 211 0.973081 0.925501 
11417 1 76 238 2 2.40077 14.5429 107.075 205.12 13 211 0.95014 0.303309 
11584 4 50 330 4 1.50959 67.6812 -76.4817 808.629 13 -13 0.780663 0.733566 
11584 14 0 417 2 1.09637 78.0689 53.5316 975.452 13 211 0.981948 0.823466 
11415 1 65 548 3 1.79251 -38.2225 74.405 145.094 13 211 0.98875 0.886166 
12003 2 21 218 2 1.45472 55.7107 81.3425 728.99 13 211 0.988956 0.599283 
12003 14 7 638 1 1.38428 -127.088 -4.9822 138.584 13 211 0.977958 0.940058 
12003 14 24 692 1 1.64628 -22.5263 29.1334 118.383 13 211 0.965756 0.832398 
12003 14 41 214 6 1.75391 38.8098 32.1944 225.442 13 13 0.403886 0.993251 
11585 14 6 467 4 1.71986 57.0848 108.079 238.266 13 211 0.922868 0.752911 
11585 14 65 477 1 1.3991 -34.3788 -36.3692 906.732 13 -13 0.554291 0.981554 
11994 19 40 150 1 1.90905 -17.2878 62.3379 490.138 13 211 0.9723 0.539484 
11994 19 61 385 5 1.39515 134.38 -87.1054 627.991 13 211 0.966502 0.884267 
11996 9 25 61 6 2.58133 -53.4884 116.662 193.709 13 211 0.993571 0.994219 
11996 9 62 552 6 1.18085 -105.117 103.582 543.443 13 -13 0.837472 0.976603 
11459 8 58 453 2 1.46126 104.202 30.4262 783.927 13 211 0.980564 0.57521 
11459 18 9 336 3 1.65998 104.09 68.206 784.382 13 211 0.86684 0.932765 
11991 8 47 656 2 1.58995 -1.70546 -67.2381 375.939 13 211 0.848458 0.562824 
11991 18 29 216 3 2.25184 -5.13322 8.41029 200.017 13 211 0.922433 0.808444 
11397 6 29 271 3 5.73287 135.103 132.267 627.904 13 211 0.910249 0.842636 
11397 16 18 358 1 1.56454 -73.7331 16.0118 609.838 13 211 0.992343 0.612542 
13472 8 17 664 2 1.10797 27.1546 -56.7004 278.061 13 211 0.811502 0.926778 
13472 19 27 126 3 1.08404 86.9252 -74.6556 345.698 13 211 0.982261 0.811351 
10913 3 6 83 6 0.968326 -28.1444 126.549 205.266 13 211 0.980808 0.776738 
10913 3 17 657 7 1.8512 -45.1422 18.4356 822.77 13 2212 0.09772 0.883162 
10913 3 32 398 4 1.52327 19.125 53.5716 212.041 13 -13 0.932823 0.702348 
10913 14 14 480 1 1.68114 -33.6437 51.2527 306.052 13 211 0.252799 0.601568 
10913 14 30 204 2 1.6684 -67.3786 40.2096 693.682 13 13 0.79634 0.992793 
10946 16 10 103 3 1.56458 106.976 -119.486 320.496 13 211 0.706635 0.74981 
10946 16 39 311 2 0.899797 39.4586 -110.603 773.207 13 211 0.975053 0.799584 
10947 2 33 573 1 2.02369 -16.9077 -72.5837 603.955 13 2212 0.0649228 0.618422 
10947 2 37 702 2 2.46219 -85.2391 92.1125 138.133 13 211 0.878068 0.60315 
10947 2 52 569 5 1.63828 -56.1357 114.375 572.131 13 211 0.990755 0.838842 
11392 0 8 118 1 1.93184 -90.9815 1.18868 130.829 13 211 0.993072 0.946698 
11392 20 9 743 2 1.85412 59.1991 88.0278 339.486 13 -13 0.907659 0.700758 
10914 11 36 147 1 1.44219 -84.0922 -57.5587 720.755 13 211 0.772573 0.382537 
10914 21 49 295 2 1.75154 52.3967 -44.1303 617.77 13 211 0.950422 0.948009 
10909 18 1 499 1 1.35771 -101.765 25.5245 332.345 13 211 0.665361 0.725097 
10909 18 2 351 5 1.87029 -42.8029 121.589 403.191 13 -13 0.961561 0.715863 
10908 2 25 448 3 1.48378 -84.4311 -117.449 291.819 13 211 0.843541 0.661797 
10908 2 31 722 3 1.00807 -51.3257 -98.3451 225.267 13 211 0.919135 0.601997 
10925 6 43 338 7 1.81815 -103.895 109.694 225.514 13 211 0.951918 0.772429 
11389 3 19 564 2 1.56308 37.3023 -126.992 449.763 13 211 0.973747 0.849114 
12027 19 35 422 1 2.03114 -37.1435 67.3573 447.439 13 211 0.990503 0.938581 
12027 19 38 245 2 1.77202 -16.6743 -68.5217 122.659 13 211 0.97832 0.902537 
10910 5 42 144 2 1.50701 -18.4106 82.2222 239.192 13 211 0.993263 0.992609 
10910 21 26 435 4 2.50768 -30.7976 51.1156 237.989 13 211 0.995635 0.999224 
10910 21 70 597 4 2.2233 -115.665 69.9203 513.995 13 211 0.99228 0.962055 
10920 1 56 357 4 0.883213 -111.699 -41.9977 612.062 13 -13 0.720089 0.78485 
10920 21 19 570 3 1.02565 -51.916 33.0744 559.969 13 211 0.980143 0.916048 
10920 21 19 753 1 1.84429 -9.77732 7.22328 733.991 13 211 0.998388 0.975329 
10912 7 27 748 3 1.79984 63.1277 111.925 568.975 13 211 0.98778 0.95592 
10912 7 47 182 4 1.5896 10.4842 13.7422 383.51 13 13 0.992136 0.903946 
10912 17 9 181 5 1.27998 138.248 30.9616 513.259 13 211 0.819979 0.759791 
10912 17 15 258 6 2.00047 20.7479 -17.1446 378.659 13 13 0.984165 0.995312 
10887 1 47 545 1 2.11196 -20.7842 27.3564 566.782 13 211 0.981062 0.925555 
10887 1 59 399 1 1.73862 -64.7482 -67.4593 275.737 13 13 0.981681 0.869029 
11990 18 9 484 12 1.64266 103.514 -56.3445 693.937 13 2212 0.958645 0.813873 
10886 1 8 46 1 1.45583 2.76852 29.423 211.847 13 211 0.958783 0.676496 
10948 11 18 554 2 1.24637 -126.512 -1.15266 532.405 13 211 0.979866 0.950249 
10948 11 29 381 7 1.16597 -103.572 114.758 589.857 13 13 0.521352 0.971842 
10948 11 38 67 4 1.14835 5.24146 -24.5086 310.734 13 211 0.964589 0.887165 
10948 21 33 726 5 1.6116 -22.4393 86.3015 682.949 13 211 0.995415 0.938537 
10948 21 56 143 1 1.75873 -124.415 12.3776 438.814 13 211 0.512549 0.495985 
11394 3 56 277 1 1.0528 112.107 119.089 185.603 13 211 0.918543 0.59365 
11394 16 9 587 8 2.39646 -114.007 123.462 842.263 13 2212 0.58145 0.321841 
11383 0 22 681 4 1.73168 -58.8929 66.9319 590.86 13 211 0.998637 0.912253 
11383 0 36 5 4 1.82626 -21.8894 112.326 115.077 13 211 0.827524 0.943114 
11383 0 49 7 9 1.11039 -67.505 75.0965 529.604 13 211 0.983349 0.767529 
11383 12 38 137 8 1.96143 -65.6896 77.0431 235.08 211 13 9.21848e-07 0.999434 
11383 22 3 103 3 1.01311 -94.3577 -2.3435 687.333 13 211 0.964353 0.752651 
10878 2 42 425 1 1.29942 12.5347 -30.5349 500.693 211 13 0.332424 0.933292 
11385 2 46 682 1 1.81998 -90.989 -31.237 258.341 13 211 0.987598 0.747729 
11385 13 40 320 1 1.27643 -92.119 -121.513 829.292 13 211 0.984133 0.672122 
10915 7 16 627 5 1.59875 128.215 60.2334 497.179 13 211 0.998959 0.979333 
10915 7 62 61 4 1.68881 72.4969 74.0939 703.137 13 211 0.985899 0.801052 
10915 17 35 230 3 1.37375 1.08724 -79.8085 661.702 13 211 0.920756 0.611418 
10924 0 12 771 1 2.05094 -119.258 -127.947 567.222 13 2212 0.53468 0.350527 
10907 6 2 541 2 2.25436 139.902 3.56158 733.385 13 211 0.986369 0.972135 
10907 16 37 279 1 2.61695 65.3375 80.1728 125.332 13 22 0.998665 0.997184 
11387 0 20 344 6 2.04372 21.6809 -120.313 365.202 13 211 0.878003 0.752557 
10969 21 3 375 1 2.24324 -57.12 -51.8818 137.045 13 211 0.943411 0.967896 
11393 17 9 770 6 1.25672 -22.0278 100.646 419.472 13 211 0.898029 0.888066 
10939 3 45 395 7 2.28103 -98.8565 98.6241 302.423 13 13 0.993425 0.997122 
10939 13 62 504 7 1.45566 135.251 67.8456 701.213 13 211 0.974844 0.688108 
11381 7 3 725 1 2.70727 49.7874 107.25 319.964 13 211 0.996643 0.99391 
11386 13 39 766 1 0.72851 -64.389 -97.2152 514.523 13 211 0.84214 0.790789 
11388 17 47 250 1 2.49347 -78.4141 -79.4487 181.524 13 211 0.957291 0.71382 
11388 17 61 190 2 2.0893 3.78138 40.8888 514.796 13 13 0.761164 0.704984 
10906 20 40 144 1 1.92092 -84.0605 64.9706 540.806 13 211 0.991351 0.875185 
11380 10 19 650 4 2.31404 78.405 39.5373 301.175 13 211 0.9052 0.49347 
11380 10 50 201 6 2.19992 18.0304 -68.9079 191.864 13 211 0.96412 0.68431 
10891 6 5 191 1 1.80951 5.3125 72.5824 386.334 13 211 0.991548 0.919667 
10935 1 6 637 1 2.33489 -73.9245 115.393 164.852 13 211 0.928602 0.988998 
10935 1 25 194 3 1.4484 -76.0157 -38.1634 616.424 13 211 0.985772 0.782884 
10935 1 40 608 1 2.08012 22.7986 67.4416 276.32 13 22 0.474613 0.980374 
10935 11 5 698 1 1.30357 8.0627 -56.9288 613.027 13 2212 0.0887933 0.321999 
10935 21 9 576 1 2.39529 -1.21241 -95.3507 226.301 13 211 0.917831 0.993214 
10923 14 12 703 8 1.53176 109.145 -111.842 629.352 13 211 0.970962 0.875243 
10893 0 16 719 4 1.88599 0.338208 4.04885 673.825 13 211 0.9966 0.96654 
10893 10 43 55 1 1.98837 107.602 121.993 207.136 13 2212 0.964951 0.661162 
10956 0 26 508 3 2.56542 -9.4894 7.04315 658.406 13 22 0.992598 0.991439 
10956 0 29 27 3 2.50263 2.67014 103.951 519.393 13 211 0.994773 0.994221 
11989 12 23 641 3 0.935245 -27.846 -43.9953 780.039 13 211 0.955838 0.700343 
10936 7 30 186 1 1.82597 -68.7488 -52.5901 638.311 13 211 0.987401 0.832207 
10941 8 27 183 3 1.07511 -117.671 -113.144 557.77 13 2212 0.198987 0.488879 
10919 5 22 582 3 1.2388 -75.1213 36.2373 684.699 13 211 0.985731 0.532976 
10919 5 26 456 5 3.45813 35.0054 -76.5634 337.937 13 211 0.999127 0.998231 
10919 15 24 24 1 1.3382 -116.932 -103.37 320.721 13 211 0.991638 0.713863 
10919 15 24 774 2 0.9399 -80.0251 30.7014 144.907 13 2212 0.557624 0.758989 
10876 5 4 496 1 2.2133 56.8503 -11.566 470.761 13 13 0.0395277 0.575784 
10983 13 42 272 3 1.31588 -26.5292 -80.9835 277.59 13 211 0.986049 0.96281 
10938 3 43 73 2 1.62751 -68.2972 -1.1126 114.003 13 211 0.879988 0.914617 
10868 12 47 238 4 2.21186 -63.3629 133.813 365.411 13 211 0.608373 0.822571 
10869 8 48 263 4 1.10208 58.0755 70.5643 273.052 13 211 0.95237 0.805016 
10869 18 32 323 6 1.47222 -47.2757 81.7868 772.926 13 211 0.97879 0.296542 
10869 18 46 136 3 1.89535 -116.933 -122.044 519.527 13 211 0.905331 0.382132 
10875 11 44 109 1 2.36464 -9.15513 86.5204 971.633 13 13 0.383258 0.966972 
10965 5 16 384 5 2.42891 61.7379 27.6954 285.064 13 211 0.978951 0.882861 
10965 15 32 224 3 2.42313 -106.834 -113.757 195.026 13 2212 0.992226 0.913539 
10964 9 41 434 2 1.57336 120.943 137.409 358.546 13 211 0.468367 0.626272 
10964 19 16 79 3 1.61884 135.099 -58.7501 258.476 13 211 0.945777 0.641105 
10964 19 55 540 6 1.21331 51.8724 -70.79 894.72 13 211 0.946925 0.997138 
10856 7 10 794 2 1.58705 26.1956 -103.711 651.185 13 13 0.538852 0.990148 
10849 0 1 440 5 1.71433 74.1096 -97.6147 852.258 13 2212 0.984138 0.949998 
10849 0 49 501 3 0.918952 -68.0749 36.3055 211.77 211 13 0.680263 0.94806 
10849 20 37 346 1 1.41307 -90.3497 7.02115 412.906 13 211 0.970869 0.693768 
10849 20 45 186 4 2.00616 14.1168 -95.4275 647.905 13 211 0.986724 0.915209 
10847 2 47 576 1 1.9017 104.806 80.3903 861.293 13 211 0.987593 0.552777 
10851 4 7 542 1 1.54043 -30.3513 51.2034 754.107 13 211 0.988299 0.768288 
10851 4 17 540 3 1.64721 113.833 23.1572 120.59 13 211 0.692607 0.955506 
10851 14 19 68 1 2.32963 -48.9148 46.4724 254.846 13 211 0.955106 0.809231 
10851 14 56 435 5 1.4339 113.661 -123.235 566.702 13 2212 0.944859 0.852036 
10851 14 56 782 1 2.78802 89.9681 73.1061 131.361 13 13 0.998341 0.989075 
10848 0 26 788 7 2.02464 -104.178 107.885 171.266 13 211 0.979904 0.714821 
10848 0 37 157 1 0.853513 25.4439 54.9772 451.101 211 13 0.267703 0.963458 
10855 21 17 106 9 2.40297 -46.9437 138.771 901.809 13 211 0.947174 0.95436 
10871 6 33 653 4 1.15422 134.756 -15.1439 265.131 13 211 0.902418 0.452717 
10972 3 29 649 1 1.47874 68.8758 94.6731 751.244 13 211 0.969633 0.679451 
10972 3 47 493 5 1.80911 -10.4669 -54.8785 528.521 13 13 0.995452 0.92219 
10874 15 40 282 3 0.768496 -45.6026 30.9684 974.053 13 211 0.942344 0.393871 
10970 10 23 434 3 1.32673 88.4227 -34.0996 619.641 13 211 0.694799 0.726874 
10858 11 14 602 1 0.974444 97.8236 -28.8509 365.168 13 211 0.942954 0.909328 
10858 21 64 293 2 1.88165 -108.86 -48.7944 375.111 13 -13 0.867573 0.837016 
10967 8 23 579 2 1.46299 115.868 91.9303 108.725 13 211 0.996747 0.786827 
10863 3 19 22 1 1.42059 124.07 105.671 759.368 13 211 0.994463 0.950435 
10863 13 13 654 2 2.12895 -123.899 -94.4948 541.894 13 13 0.787533 0.984056 
10863 13 18 86 1 1.93639 -78.1424 -102.772 493.925 13 211 0.63113 0.513575 
10863 13 36 79 1 2.64663 93.3561 55.0222 457.842 13 13 0.003221 0.997869 
10864 9 24 499 5 1.25869 135.554 86.8381 338.148 13 2212 0.0357803 0.0930909 
10864 19 42 580 4 2.23265 -119.872 -74.8635 511.361 13 211 0.932152 0.86335 
10864 19 47 689 1 2.3527 -36.8339 13.4991 194.836 13 13 0.996324 0.862722 
11379 12 10 52 1 1.96079 -98.6284 14.6075 398.407 13 211 0.979279 0.888636 
11540 5 16 616 1 1.39143 -75.1435 63.7612 258.71 13 211 0.628034 0.798562 
10926 12 16 83 7 1.96487 82.6533 -72.2962 205.017 13 211 0.987579 0.703425 
11539 9 8 421 8 2.18201 123.513 -52.6909 753.754 211 211 0.763349 0.275814 
11979 11 5 56 4 1.69933 71.4227 111.865 653.403 13 211 0.739264 0.62119 
11979 11 18 38 1 1.77255 -106.754 -7.17214 401.201 13 13 0.986379 0.924327 
11979 11 37 193 2 1.32752 -13.8249 -30.0248 524.031 13 211 0.934391 0.850591 
10833 12 19 721 3 2.25348 2.70301 54.4459 291.632 13 211 0.939175 0.722418 
11977 18 50 527 2 1.43915 -65.9956 76.318 700.622 13 211 0.97863 0.7768 
11975 14 30 530 1 1.91291 63.4849 -40.2342 716.494 13 2212 0.984878 0.769223 
10826 3 21 668 1 1.74792 84.794 -52.7124 851.42 13 211 0.993989 0.971649 
10826 23 45 563 2 2.00857 16.0315 -70.6292 107.298 13 211 0.979815 0.978634 
10826 23 48 647 1 1.85161 103.188 120.149 519.539 13 211 0.780757 0.677137 
10825 7 39 812 2 1.70061 -115.579 8.25109 158.254 13 211 0.980352 0.895092 
10825 17 10 571 2 1.83609 -4.85117 138.165 780.962 -13 13 0.896253 0.962052 
10838 9 5 790 1 2.0025 -59.1488 -6.26597 415.303 13 -13 0.909661 0.876424 
10838 19 5 472 3 1.27641 -5.17835 -100.551 251.487 13 211 0.662381 0.771927 
11532 7 14 366 2 0.994169 -63.6294 -37.6475 351.932 13 211 0.963245 0.579865 
11974 13 16 502 1 2.563 -43.7447 74.0818 198.494 13 13 0.138044 0.895552 
10832 16 8 543 1 1.81458 83.8992 120.525 632.188 13 211 0.980068 0.925287 
10832 16 22 643 1 1.97445 134.779 134.272 456.55 13 211 0.547664 0.924029 
11533 3 12 594 2 1.59763 -40.3793 -37.6749 125.487 13 -13 0.97658 0.921503 
11534 14 26 345 2 1.74786 -77.8397 -66.7736 238.505 13 211 0.946508 0.861964 
11537 3 13 419 1 1.53086 -57.6712 -89.8992 511.992 13 211 0.940452 0.850613 
11549 12 36 206 2 2.28608 -123.229 116.432 236.935 13 -13 0.790292 0.98958 
11538 1 33 397 3 1.20013 134.202 -30.5619 284.954 13 211 0.905092 0.690743 
11538 11 13 822 2 1.771 114.474 28.2906 161.502 13 211 0.963287 0.701998 
10842 8 16 353 2 1.49483 2.82726 71.9788 709.837 13 211 0.876567 0.780638 
10842 8 27 261 1 1.72366 -40.1412 80.6708 407.276 13 211 0.997793 0.989185 
10842 18 41 743 1 1.02446 54.7661 91.5664 613.026 13 211 0.975498 0.754486 
10842 18 42 67 4 1.9289 -2.65587 -125.422 472.333 13 211 0.848874 0.909696 
10842 18 49 306 1 1.35679 88.5215 14.5484 340.983 13 211 0.560154 0.677165 
10842 18 63 45 4 1.66596 67.9471 -70.9159 456.027 13 211 0.985592 0.948387 
11976 2 14 317 1 1.694 -27.6206 -113.185 461.654 13 -13 0.972795 0.864146 
11535 2 43 263 11 1.79792 -111.1 125.249 184.118 13 13 0.967885 0.969763 
11536 8 38 296 1 1.65745 130.837 102.828 171.61 13 211 0.950371 0.526326 
10844 10 0 675 1 1.00619 13.7322 87.3803 667.38 13 211 0.976456 0.908446 
10844 10 5 185 2 1.20116 -81.4134 47.0461 537.379 13 211 0.992912 0.925465 
10844 10 5 327 1 1.82129 -124.575 -38.8204 211.437 13 211 0.975622 0.847874 
10840 20 52 752 2 1.67961 -89.9587 91.5634 586.947 13 211 0.976914 0.478792 
11556 1 15 487 3 1.62699 -123.82 -24.6424 573.408 13 211 0.16588 0.209704 
10837 2 13 89 1 2.01116 -87.603 121.723 788.838 13 211 0.963924 0.990922 
10837 2 38 402 3 1.74675 58.2317 -10.0591 118.004 13 211 0.946447 0.72582 
10837 13 47 517 3 2.35178 49.6629 -103.51 114.392 13 2212 0.00348048 0.410706 
10837 23 32 175 1 2.15706 -47.6182 -115.257 172.865 13 211 0.998861 0.991822 
10836 7 26 529 1 1.63949 -121.212 -123.51 620.851 211 13 0.0769266 0.98961 
11934 6 41 844 4 1.68558 39.2275 -24.795 363.884 13 211 0.991112 0.889649 
11934 16 37 850 5 1.90519 -78.9264 117.241 687.958 13 13 0.31004 0.896638 
11938 8 17 868 1 1.43135 -24.0235 -40.8208 530.11 13 211 0.984386 0.964092 
11551 7 15 236 3 1.8295 -116.395 67.2967 674.645 13 211 0.984451 0.901654 
11551 17 17 153 3 1.04043 124.296 -43.8602 625.603 13 211 0.974486 0.502253 
11551 17 42 633 4 1.21273 117.266 -30.7151 331.677 13 211 0.970067 0.609442 
11552 13 12 859 1 2.77659 -92.015 65.8719 158.187 13 2212 0.965409 0.630044 
11552 13 31 333 4 1.80234 -122.688 -16.7105 932.888 13 13 0.872947 0.9767 
11982 7 1 699 1 0.91966 -59.5356 -64.3596 712.413 13 211 0.900769 0.806449 
11929 7 10 467 1 1.47903 -87.9772 18.9674 739.603 13 211 0.968359 0.710471 
11929 7 26 28 1 2.13659 124.268 115.183 431.702 -13 13 0.713803 0.943073 
13466 8 27 285 1 1.21907 -98.5499 -34.3966 792.109 13 211 0.989464 0.866376 
13466 8 36 428 2 2.05967 -77.3446 -17.4175 718.732 13 13 0.998554 0.970039 
13466 18 33 26 4 1.95358 -70.5729 88.9039 577.379 211 13 0.0885336 0.656394 
10813 0 5 689 1 1.88518 131.557 -23.7077 626.975 13 211 0.989193 0.972533 
10813 0 26 18 3 1.40019 57.8314 -26.6014 205.222 13 211 0.972155 0.861556 
10824 11 1 844 2 2.02326 -64.9932 -90.5852 392.08 13 211 0.628071 0.467753 
10824 11 7 781 3 2.38914 17.4701 137.724 453.23 13 -13 0.841148 0.945819 
10824 11 19 191 3 1.70424 -107.044 35.4706 493.637 13 211 0.986926 0.957554 
10824 11 19 276 6 2.5544 -5.4518 74.3485 209.483 13 2212 0.426291 0.745557 
10812 13 42 448 5 1.74026 70.7057 -74.813 172.472 13 211 0.964268 0.83433 
11981 9 20 425 3 1.80536 -28.7874 -96.5614 208.982 13 211 0.979892 0.16556 
10821 3 29 182 2 1.1096 -87.175 -118.101 252.688 13 211 0.978909 0.905144 
11966 8 24 369 1 1.81405 79.2515 8.17717 138.072 13 13 0.809903 0.830372 
11967 4 3 874 2 1.27561 -63.5794 -65.8271 800.297 211 13 0.904203 0.865517 
11967 4 21 862 3 1.71572 -75.5435 114.381 297.501 13 211 0.897387 0.743506 
11967 14 38 763 1 1.96062 68.4673 19.8498 298.26 13 211 0.96679 0.598541 
11984 6 22 275 3 2.44017 -22.5212 24.1351 443.568 13 -13 0.890371 0.808208 
11984 6 28 661 8 2.40517 -14.1817 133.067 430.855 13 211 0.980559 0.975647 
11984 6 35 6 2 1.25218 38.8975 24.3341 765.125 13 211 0.985278 0.874266 
13462 10 20 240 6 1.41884 84.7127 -42.8761 288.467 13 211 0.998316 0.9873 
13462 10 32 390 2 1.39651 -35.2007 121.638 674.103 13 13 0.292019 0.714486 
11527 12 19 101 3 0.848828 15.1219 52.796 451.029 13 211 0.93886 0.837823 
11527 22 21 518 1 1.99102 67.7017 87.6677 137.615 13 2212 0.825691 0.769038 
13453 22 21 795 3 1.27537 16.4898 68.4397 887.714 211 13 0.46281 0.975536 
13461 15 37 744 4 1.76202 21.546 -7.99767 828.058 13 -13 0.447969 0.997401 
13463 17 36 196 4 1.80704 68.4435 -82.0633 592.84 13 211 0.763434 0.48685 
13454 8 16 821 1 2.66022 -60.8564 8.9454 318.029 13 -13 0.933898 0.923564 
13452 5 9 286 1 1.91805 -96.161 -11.5438 298.896 13 211 0.486858 0.978938 
13452 5 19 801 2 2.66057 -126.891 -7.79206 378.908 13 211 0.776837 0.846572 
13451 19 9 103 1 2.01204 32.5189 -44.9342 574.866 13 211 0.997939 0.99591 
11361 14 21 950 2 2.47062 113.038 74.4737 348.605 13 211 0.9245 0.786619 
11361 14 40 90 1 2.46844 -72.6985 -26.0566 443.983 13 13 0.96156 0.936435 
11361 14 41 396 2 1.87878 -111.529 -70.2929 297.54 13 211 0.936944 0.907268 
10822 8 16 618 2 1.31186 24.3015 -111.229 198.571 13 211 0.817511 0.777108 
10822 19 0 91 1 1.0503 -96.4316 56.3584 478.212 13 211 0.243001 0.623824 
11354 13 0 240 3 1.17869 -19.7041 -28.7286 747.317 13 211 0.96131 0.895951 
11354 13 35 190 4 1.49827 36.7816 -35.3355 522.531 13 211 0.985193 0.854788 
11358 23 13 288 1 1.87815 -53.1681 -32.8508 438.869 13 211 0.992214 0.739745 
13460 7 7 496 1 1.65841 64.7863 87.7716 647.323 13 2212 0.972703 0.813531 
11374 2 14 184 2 2.09972 -18.3736 -116.635 294.222 13 211 0.965674 0.863882 
11374 23 28 801 1 1.89049 57.7917 -7.12599 131.466 13 211 0.95956 0.853205 
11355 12 22 70 3 1.7229 56.5259 32.1903 642.858 13 211 0.983284 0.792221 
11355 12 23 24 5 1.57441 -14.2202 82.8855 144.709 13 211 0.960705 0.361327 
11355 12 39 172 5 1.48243 -85.9935 91.9396 488.761 211 13 0.347743 0.967996 
11355 22 15 140 1 1.65393 -1.07854 -30.5268 312.338 13 211 0.936219 0.891547 
13459 1 20 560 6 2.12358 -22.6486 110.998 428.726 13 211 0.967172 0.758325 
13459 21 15 224 2 1.23537 -69.746 -86.0175 866.208 13 211 0.984358 0.830936 
11348 18 28 802 1 1.88932 -3.13853 64.0555 269.721 13 -13 0.900676 0.922014 
11356 11 53 156 2 0.926719 100.165 -50.7344 919.165 13 211 0.987757 0.800707 
11356 21 6 713 1 2.53683 88.2941 114.776 147.377 13 2212 0.992297 0.997298 
11356 21 21 203 1 1.9564 120.615 89.8847 474.283 13 211 0.963549 0.645301 
11357 7 23 839 2 1.64856 -4.21144 -51.5831 687.563 211 13 0.207067 0.942727 
11357 17 4 907 1 2.18209 20.7818 83.5176 225.11 13 211 0.983166 0.543945 
11357 17 44 344 1 1.10847 -37.3244 -58.261 960.828 13 211 0.960169 0.891033 
11353 7 51 668 5 2.17559 -15.672 122.335 945.787 13 211 0.988014 0.858137 
11353 17 33 406 5 1.68161 35.879 102.514 316.641 13 13 0.0451431 0.924138 
10800 6 23 109 1 1.58262 -75.4174 -63.0206 835.038 13 211 0.988666 0.935539 
11351 7 37 553 1 2.7604 25.9138 60.0259 131.572 13 211 0.519879 0.333711 
11373 6 20 350 1 0.741301 92.0881 -40.004 919.946 13 211 0.872319 0.901787 
11373 16 13 258 4 1.36957 -31.7371 92.6295 238.689 13 211 0.967644 0.659536 
11373 16 31 512 1 2.39086 -37.7981 -93.3242 485.973 13 211 0.990194 0.904883 
11347 12 19 222 2 1.81751 -86.2315 31.3773 493.49 13 211 0.98155 0.463756 
11349 4 29 934 5 1.07447 16.4069 -18.6945 519.377 13 211 0.990985 0.561352 
11349 14 29 931 5 1.94319 -76.8934 45.1853 418.652 13 2212 0.769109 0.514551 
11345 7 19 284 1 1.88742 11.7842 4.45483 522.844 13 211 0.995299 0.981654 
11345 7 34 924 8 1.61875 44.7663 -9.71747 118.045 13 211 0.952172 0.811335 
11345 17 25 66 1 1.63108 -122.491 -22.7409 611.578 13 211 0.968634 0.903566 
11525 8 31 269 3 1.22002 104.817 29.9266 211.636 13 2212 0.363682 0.659561 
11965 9 11 187 3 1.89207 102.876 63.6488 207.759 13 211 0.916804 0.955246 
10784 16 28 692 1 1.74802 -80.1978 -6.50951 479.842 13 -13 0.962543 0.793185 
10784 16 37 639 3 1.88888 -106.406 -15.2573 400.672 13 211 0.803304 0.634738 
11943 0 4 523 1 2.26581 -1.45259 56.5432 365.983 211 13 8.03744e-07 0.998347 
11943 20 24 251 2 1.41773 -49.0954 6.18126 614.538 13 211 0.900861 0.439058 
11964 13 27 238 4 4.43135 -115.745 32.0986 215.021 13 13 0.53655 0.998049 
11964 24 15 179 4 1.8477 19.7684 45.9821 199.099 13 211 0.998374 0.893995 
11369 7 19 825 2 1.6767 118.125 78.75 474.336 13 211 0.970488 0.809014 
11369 7 38 357 3 0.852811 12.7759 46.7799 263.907 13 211 0.799526 0.898236 
10778 9 4 575 1 1.76507 -106.339 -110.027 264.337 13 211 0.983185 0.924595 
10778 9 4 742 1 1.37842 27.1072 112.285 740.218 13 211 0.535227 0.383373 
10778 9 4 835 2 0.891519 55.1429 63.9071 108.603 13 211 0.881032 0.840551 
11372 10 28 144 4 1.07035 114.748 -67.6417 866.474 13 211 0.958749 0.71018 
