11984 18 55 796 2 1.848 -39.3963 -68.4871 412.098 0.0582548 -0.0582548 
10820 8 29 495 3 1.40326 -43.7671 51.4943 820.908 0.0534727 -0.0206794 
13571 23 52 354 6 2.04706 37.9285 88.7839 567.43 0.0222567 -0.0222567 
13498 21 75 142 1 2.05886 18.2477 56.2599 331.187 0.0434752 -0.023222 
13156 7 63 133 1 1.74161 48.4868 100.208 258.907 0.0697523 -0.0697523 
13155 23 72 415 1 2.20241 -48.8845 6.36915 136.272 0.0621972 -0.0621972 
13508 6 50 440 3 1.55016 -72.0727 73.9208 612.35 0.0474384 -0.0474384 
10990 10 36 411 2 2.11101 -32.6872 -3.39207 111.498 0.0691087 -0.0691087 
12019 17 53 4 2 2.20528 -120.627 -72.3296 454.543 0.00259287 -0.00259287 
13454 8 33 194 1 1.08679 70.6166 -33.9682 417.255 0 0 
10675 16 20 156 1 2.84978 96.8227 81.825 602.684 0.00307748 -0.00154439 
