10565 21 39 730 1 1.86261 12.216 67.2833 191.93 0.0745031 -0.0745031 
10820 8 29 676 4 1.339 -47.4733 92.4612 750.64 0.100717 -0.0807443 
13156 18 4 6 7 1.69962 -108.558 -38.2714 593.101 0.133485 -0.108905 
11993 22 62 440 3 0.804857 112.333 -55.7062 994.439 0.0713965 -0.0713965 
13571 23 52 375 1 1.40817 -112.384 36.3186 155.68 0.0705217 -0.0705217 
12006 10 19 308 1 2.1567 -107.572 5.41639 137.859 0.044048 -0.044048 
12037 3 3 462 4 2.22117 116.354 123.998 856.536 0.0784474 -0.0784474 
11512 3 55 474 4 2.13167 -77.3338 38.0139 283.672 0.062224 -0.062224 
11942 14 22 308 2 1.9281 -99.0397 -80.7792 199.609 0.056878 -0.0555936 
10912 19 18 535 1 1.81714 -6.59561 -123.141 649.533 0.055585 -0.055585 
10556 1 7 296 3 1.61106 137.944 -10.7273 203.217 0.0808533 -0.0808533 
12069 1 60 115 1 2.0189 -17.4713 -62.0398 341.771 0.089213 -0.089213 
11306 8 3 492 2 1.78431 -3.6518 -46.8289 660.14 0.145962 -0.121541 
12071 7 3 43 9 2.50724 -8.19491 122.235 485.047 0.0747126 -0.0747126 
10990 8 3 246 5 1.68736 103.826 122.776 572.81 0.059985 -0.059985 
10511 4 1 860 1 1.62178 -52.5834 -44.0222 989.33 0.0845449 -0.0577448 
11394 16 17 703 2 1.6525 -4.97277 -25.3041 286.085 0.0225074 -4.66853e-05 
11472 13 42 119 4 2.08465 -111.911 -18.8097 238.797 0.027761 -0.027761 
13505 11 80 365 6 1.49033 34.341 -56.7257 841.712 0.118968 -0.118968 
11319 20 29 686 5 1.73027 20.9219 -97.3878 218.357 0.0902138 -0.0459411 
10870 5 36 56 3 1.40858 21.789 99.227 462.584 0.204534 -0.106323 
11540 7 5 759 3 1.8114 95.083 32.9203 799.425 0.0861737 -0.0560496 
13523 21 38 417 1 1.31281 71.4544 27.5833 491.813 0.151357 -0.151357 
10871 6 44 706 5 1.72745 -69.9218 119.387 992.908 0.0653988 -0.0653988 
10871 6 44 779 2 2.38552 -117.569 81.0451 442.985 0.157736 -0.157736 
11321 13 17 162 2 1.58473 42.6827 73.454 225.468 0.141129 -0.1064 
12080 6 49 291 3 1.27281 -112.973 -48.8427 470.429 0.115127 -0.115127 
13202 20 37 246 1 1.90359 18.8103 104.368 365.021 0.108125 -0.108125 
11340 1 7 128 1 1.47395 77.7887 51.343 419.265 0.0393768 -0.0100692 
11340 1 7 698 1 1.98013 -6.42256 -49.4516 587.499 0.0593657 -0.0593657 
13246 9 4 452 2 1.28397 21.2325 94.7552 397.964 0.0211045 -0.0211045 
10402 10 11 805 7 1.89382 20.3401 -118.623 925.043 0.107826 -0.107826 
13137 3 89 148 1 2.82397 -116.42 -62.5146 632.647 0.105476 -0.0393334 
12080 5 41 77 4 2.43551 46.1879 131.526 580.514 0.174266 -0.174266 
13280 16 24 20 1 1.95293 -50.5392 31.1969 352.093 0.0593176 -0.0593176 
11395 4 53 584 1 1.64661 -21.4152 16.1839 632.301 0.147975 -0.104499 
12051 22 48 40 1 1.65632 41.0426 62.5306 130.465 0.111936 -0.111936 
10754 13 34 449 5 1.94684 -87.143 129.796 198.716 0.0838334 -0.0838334 
11305 22 26 122 1 1.13034 -95.966 66.879 183.738 0.0377139 -0.0377139 
11510 22 57 37 2 2.02626 7.11648 76.8847 692.752 0.0254517 -0.0212799 
12084 13 29 192 1 1.49122 126.94 72.0874 526.013 0.0757624 -0.0611879 
10856 9 8 272 3 1.80555 -119.784 127.867 500.693 0.0229974 -0.0229974 
12086 9 49 479 6 1.88246 -18.1195 -64.9349 364.176 0.139758 -0.0700253 
10626 1 23 923 1 1.40559 -78.7875 80.4774 298.966 0.119071 -0.119071 
10654 22 10 890 1 1.49775 113.068 -15.0034 578.538 0.0882836 -0.0552004 
13481 18 10 29 8 2.09391 -66.2949 113.946 403.248 0.118553 -0.118553 
13260 15 57 212 4 2.87202 109.993 46.3187 150.679 0.00739617 -0.00739617 
11527 14 10 690 2 1.53126 18.7937 -67.4349 326.207 0.0870467 -0.0870467 
12058 8 17 206 4 1.47334 85.0648 17.633 422.88 0.0578123 -0.0461244 
13467 5 67 49 3 1.19261 68.2697 127.886 520.904 0.073073 -0.0335309 
10924 20 53 392 6 2.35123 -81.9831 61.3142 212.087 0.183277 -0.183277 
11389 4 30 86 1 2.01195 21.5225 -19.1173 697.079 0.0914378 -0.0734927 
13528 9 2 117 7 1.56411 61.7702 -70.2541 584.483 0.0317379 0.0318926 
13475 10 22 446 3 0.920968 40.7951 5.16932 185.909 0.0397807 -0.0397807 
13446 13 28 957 1 2.22864 -122.191 -10.2899 252.744 0.0617375 -0.0617375 
10542 3 9 26 1 1.79377 2.94191 125.228 507.792 0.0276492 -0.0276492 
13176 3 42 199 4 1.61589 -106.84 39.3354 513.176 0.0823613 -0.0823613 
11605 9 52 411 4 2.18462 76.6747 -104.599 493.285 0.188683 -0.188683 
12081 6 49 355 5 1.15226 113.227 -121.651 499.839 0.0285879 -0.00973164 
11509 17 36 563 1 2.4562 -6.96508 115.694 156.288 0.114131 -0.114131 
13171 23 28 94 2 1.74264 74.9458 54.1271 499.253 0.0517478 -0.0517478 
10729 6 24 452 3 1.6098 90.4264 0.929549 707.424 0.0739464 -0.0412861 
11372 1 19 761 4 1.44537 -0.982655 -81.2138 339.069 0.138384 -0.138384 
